23_x,23_y,23_z,23_v,24_x,24_y,24_z,24_v,25_x,25_y,25_z,25_v,26_x,26_y,26_z,26_v,27_x,27_y,27_z,27_v,28_x,28_y,28_z,28_v,29_x,29_y,29_z,29_v,30_x,30_y,30_z,30_v,31_x,31_y,31_z,31_v,32_x,32_y,32_z,32_v,r_knee_angle,l_knee_angle,r_knee_angle_x,r_knee_angle_y,r_knee_angle_z,l_knee_angle_x,l_knee_angle_y,l_knee_angle_z,r_hip_angle_x,r_hip_angle_y,r_hip_angle_z,l_hip_angle_x,l_hip_angle_y,l_hip_angle_z,r_ankle_angle_x,r_ankle_angle_y,r_ankle_angle_z,l_ankle_angle_x,l_ankle_angle_y,l_ankle_angle_z,frame
0.5191832780838013,0.49736449122428894,-0.005942050367593765,0.9996989369392395,0.4371592104434967,0.49247515201568604,0.005857373587787151,0.9997218251228333,0.5226418375968933,0.7090919017791748,-0.058431290090084076,0.9715040326118469,0.41864585876464844,0.6974083781242371,-0.052693914622068405,0.9852638840675354,0.5230078101158142,0.9161180853843689,0.054541993886232376,0.9424477219581604,0.41800594329833984,0.9164120554924011,0.056016527116298676,0.9638537764549255,0.5080808401107788,0.9428718686103821,0.05538926273584366,0.7192381024360657,0.42875832319259644,0.9418084621429443,0.05751631781458855,0.7327532768249512,0.5378164649009705,0.9724164605140686,-0.1283850371837616,0.9222558736801147,0.3938761353492737,0.9738790988922119,-0.12844911217689514,0.9354518055915833,137.4393558211454,137.4496020514888,90.14995612825946,26.399570875147138,63.600921856541696,89.9110912874436,28.62123084497326,61.37893320912306,94.96440599805075,16.680897904155046,105.88372142907762,89.09165093331573,13.952471810199295,103.92167284120364,97.11876221396615,72.83403381495057,161.33086698871142,85.57569882165014,72.94605138046335,162.3472097881976,537
0.5194261074066162,0.49670833349227905,-0.005058952607214451,0.9996933937072754,0.43838509917259216,0.4920514225959778,0.0049879285506904125,0.9997105598449707,0.5239086151123047,0.7060487270355225,-0.05439748242497444,0.9692076444625854,0.419156014919281,0.6958017349243164,-0.06144765764474869,0.9837342500686646,0.5230583548545837,0.9136524796485901,0.05749060958623886,0.9384191632270813,0.4180188775062561,0.9153063297271729,0.055501002818346024,0.9602407217025757,0.5081796646118164,0.9409485459327698,0.05828012898564339,0.7075653076171875,0.42865195870399475,0.9409450888633728,0.05687904357910156,0.7149063944816589,0.5384976863861084,0.971824586391449,-0.1242031678557396,0.917840838432312,0.39558905363082886,0.9738620519638062,-0.1284361034631729,0.9296440482139587,133.7043760701082,138.39484748634666,90.26195712028843,28.04912624076488,61.952316759756386,90.20656841594598,28.323149023652917,61.677742574660705,95.12721605423035,18.74963209506763,107.98453268631744,88.80604259628647,13.314453273279401,103.25884335415311,96.62787525646236,72.46317245110683,161.1756275946419,85.37325940083112,72.30648658402762,161.67253675607574,538
0.5195931196212769,0.49645477533340454,-0.002514397259801626,0.999687671661377,0.43891042470932007,0.4920791685581207,0.002462808508425951,0.9997074007987976,0.5247529745101929,0.7050689458847046,-0.0497463159263134,0.967909038066864,0.4204040467739105,0.6958312392234802,-0.06697192043066025,0.9831511378288269,0.5236026644706726,0.9114120602607727,0.06162317842245102,0.9358894228935242,0.4184071123600006,0.9150705337524414,0.04761414974927902,0.9592753648757935,0.509636640548706,0.9396948218345642,0.06217990070581436,0.70242840051651,0.4288080334663391,0.9408277869224548,0.04728555679321289,0.7053961753845215,0.5435479283332825,0.9713541269302368,-0.1169651597738266,0.9154680371284485,0.396226167678833,0.974024772644043,-0.13968920707702637,0.9278091788291931,133.44059581385565,138.8556204469581,90.46250460959224,27.597523909518756,62.40702312278121,90.28107948095953,28.358328956595997,61.64332053942164,94.91380346674399,19.426572910027588,108.74636205651024,88.61809909553484,12.83054008742328,102.75337306593858,96.44477176922871,72.642393431216,161.41255357585817,83.95614954930255,71.55285236188419,160.5194316962676,539
0.5201475620269775,0.4964830279350281,-2.600358311610762e-05,0.9996706247329712,0.4397200644016266,0.4920564889907837,-1.1802183507825248e-05,0.9996967911720276,0.5253085494041443,0.705494225025177,-0.032833248376846313,0.9668232798576355,0.4209756851196289,0.6960559487342834,-0.059228938072919846,0.9827771782875061,0.5236693024635315,0.9099158644676208,0.08512448519468307,0.9333828091621399,0.4185105264186859,0.9146223068237305,0.04888102039694786,0.9584521651268005,0.5097598433494568,0.9384720325469971,0.08631499111652374,0.698259174823761,0.4288455843925476,0.940635621547699,0.04785170778632164,0.6962097883224487,0.5439566373825073,0.9709137678146362,-0.08735556155443192,0.9127874374389648,0.3964054584503174,0.9740453362464905,-0.13864794373512268,0.9256691336631775,137.32498186412684,141.05484679831744,90.57922041685057,26.324399827740116,63.682966705180476,90.39794561698106,29.988696611344828,60.014495662691296,95.04282527721814,16.934241696924722,106.12263404179808,88.60261979297441,9.028500961316317,98.91791746815488,96.41137331763231,72.53146503521782,161.32020757815263,83.67226439676564,70.64715992991427,159.55963039217778,540
0.520350456237793,0.4962555766105652,0.0004058129561599344,0.9996674060821533,0.4400777816772461,0.4920121431350708,-0.0004462726355995983,0.9996936917304993,0.5255923271179199,0.7053467035293579,-0.03685036674141884,0.9663939476013184,0.42144012451171875,0.6961233019828796,-0.0511372908949852,0.9826784133911133,0.52392578125,0.9096182584762573,0.07845382392406464,0.9327771067619324,0.4187205731868744,0.9137857556343079,0.053256917744874954,0.9583384394645691,0.510307788848877,0.9384545683860779,0.0793042927980423,0.6982610821723938,0.4289134442806244,0.9400137066841125,0.05173224210739136,0.6903498768806458,0.5460126399993896,0.9703328609466553,-0.0955226868391037,0.9122999906539917,0.3972203731536865,0.9738267064094543,-0.1312382072210312,0.9249349236488342,140.244450420269,140.4151261623915,90.64544616806549,25.630660504636495,64.37866208602118,90.40706588582358,29.445778893533358,60.55759898700391,95.06428108213622,14.821047916828046,103.89169435052823,88.586166623136,10.200451554044088,100.09991372930298,96.32342813291915,72.08676618891505,160.93127539571498,83.16492166141158,70.9039998411056,159.62722047128975,541
0.5205211043357849,0.49577194452285767,0.0013899364275857806,0.9996703863143921,0.4404720664024353,0.4914845824241638,-0.0014307413948699832,0.9996960163116455,0.5257164239883423,0.7054668664932251,-0.03848841041326523,0.9660019874572754,0.4218979477882385,0.6962169408798218,-0.050473786890506744,0.9827907681465149,0.5240634083747864,0.9097848534584045,0.07399680465459824,0.9327563047409058,0.4186999797821045,0.913067638874054,0.053610660135746,0.9589951634407043,0.5104729533195496,0.938485860824585,0.07481943070888519,0.7012394070625305,0.4288604259490967,0.9395477771759033,0.05203503370285034,0.6881457567214966,0.5483558177947998,0.970232367515564,-0.10067395865917206,0.9129509925842285,0.3973722755908966,0.9737751483917236,-0.12971626222133636,0.925764262676239,140.71616795484172,140.36018934576327,90.76171097344405,25.650717517765198,64.3622592977639,90.40606709916571,28.837153962662846,61.166251796646414,95.04202674118469,14.367488464009112,103.418092366066,88.60573084030699,10.856381594716517,100.7643166631018,96.30216693557635,71.79266963584652,160.65970554517557,82.51264824018529,71.08000679321076,159.54622028150598,542
0.5207849740982056,0.495059072971344,0.0022360181901603937,0.999675452709198,0.4407486021518707,0.4907565116882324,-0.002271575154736638,0.9997010231018066,0.5259350538253784,0.7055922150611877,-0.041720397770404816,0.9650252461433411,0.42217889428138733,0.6962947249412537,-0.053125835955142975,0.9827108383178711,0.5240902900695801,0.9098724126815796,0.06949086487293243,0.9317930340766907,0.4185880124568939,0.9129257798194885,0.05050886794924736,0.9593611359596252,0.5104580521583557,0.9390241503715515,0.06953874230384827,0.7034695744514465,0.42870068550109863,0.9395665526390076,0.048566315323114395,0.6853235363960266,0.5486528873443604,0.9702476859092712,-0.10394875705242157,0.9128630757331848,0.39703020453453064,0.9738258123397827,-0.13227398693561554,0.9261471629142761,140.38099961383477,139.60450321723144,90.85668180942707,25.579493721236545,64.43695411646344,90.45442508538756,28.567425466928835,61.436865551547676,95.01214134809375,14.756496675641984,103.84283034922527,88.62827257578056,11.871541294014955,101.78972685375874,96.38454461566788,71.69119007964036,160.53447931772797,82.38198810609214,70.98265795332513,159.40323887055575,543
0.5209492444992065,0.4944910705089569,0.0022469740360975266,0.9996798038482666,0.4409313201904297,0.4899091124534607,-0.002285277470946312,0.999704122543335,0.5260423421859741,0.7056236863136292,-0.04077665135264397,0.964587390422821,0.4222524166107178,0.6962018609046936,-0.05160914734005928,0.9825982451438904,0.5241305828094482,0.9099922776222229,0.06859949231147766,0.9314708709716797,0.4185526967048645,0.9124688506126404,0.05084646865725517,0.9594886302947998,0.5105421543121338,0.9390734434127808,0.06893603503704071,0.7029858827590942,0.42856884002685547,0.9393808245658875,0.048832427710294724,0.6807324290275574,0.5485892295837402,0.9702619910240173,-0.10604337602853775,0.9131584167480469,0.39700642228126526,0.9738648533821106,-0.13124369084835052,0.9263655543327332,141.04519016736296,140.2878441465712,90.88572465642055,25.363513131143826,64.65417699963218,90.47254041725196,28.158910516800788,61.84577308181613,95.03267986440807,14.341431184680722,103.39396768979856,88.6459530458275,11.596024356765287,101.5145131160641,96.39759565531392,71.48751200007227,160.3364724114266,82.45859256838173,71.13125360630443,159.57278253106102,544
0.5214318037033081,0.4934205114841461,0.002455912297591567,0.9996858835220337,0.44118911027908325,0.4887756109237671,-0.002495597582310438,0.9997092485427856,0.5261396169662476,0.7052339315414429,-0.042444754391908646,0.9642401933670044,0.4224189221858978,0.6955478191375732,-0.053619496524333954,0.9824482202529907,0.524164080619812,0.9100767970085144,0.05933378264307976,0.9314596652984619,0.4185759425163269,0.9124085903167725,0.047168828547000885,0.9597696661949158,0.5106621384620667,0.9390954971313477,0.05913522094488144,0.7043564319610596,0.428577184677124,0.939409613609314,0.045151237398386,0.6777873635292053,0.5487407445907593,0.9703497290611267,-0.11312534660100937,0.9138805866241455,0.39696502685546875,0.9738911390304565,-0.13545390963554382,0.9268416166305542,141.03022188763273,141.57338768087118,90.9206724221891,24.943055599250417,65.076292830574,90.49484044633179,26.42531360659281,63.58004849009669,95.03609699838228,14.755744348994499,103.83303353027492,88.7544102491441,12.032208904445516,101.96563830753142,96.39905004266897,71.51359540085981,160.36074522100938,82.3381177310783,70.91461139086731,159.3220602529039,545
0.5215364694595337,0.49351242184638977,0.002388277091085911,0.9996880888938904,0.4411706328392029,0.4888901710510254,-0.0024271022994071245,0.9997117519378662,0.5261737704277039,0.7052510380744934,-0.04356427118182182,0.9642400145530701,0.42251867055892944,0.6955174803733826,-0.051888443529605865,0.982460618019104,0.5243040919303894,0.910101056098938,0.05907822400331497,0.9316173791885376,0.41880565881729126,0.9123585820198059,0.04748867452144623,0.9601070880889893,0.5111501216888428,0.939156711101532,0.058887410908937454,0.7031388282775879,0.4288291931152344,0.9394543170928955,0.0453878715634346,0.6754045486450195,0.5488384962081909,0.9703510999679565,-0.11387894302606583,0.9144123196601868,0.3969753086566925,0.9739359021186829,-0.13525107502937317,0.9274058938026428,141.75419895782863,141.10699902625277,90.89181236681746,24.636873054610145,65.38144730343114,90.46752448748855,26.617501128377693,63.38726118785993,95.01704861939108,14.350159369031203,103.40930948108279,88.77389544454066,12.305026181936592,102.24187813500909,96.45878728594799,71.50036179217516,160.3271956796825,82.37023170872912,70.97070523390424,159.38736432720378,546
0.5215364694595337,0.492688924074173,0.002697944873943925,0.9996984004974365,0.4411577582359314,0.4874206781387329,-0.0027468218468129635,0.9997199773788452,0.5262790322303772,0.704545259475708,-0.04717276617884636,0.9640152454376221,0.4228208065032959,0.6947829723358154,-0.05285092443227768,0.9825800061225891,0.524319589138031,0.910149335861206,0.052514322102069855,0.9319990277290344,0.418801873922348,0.9123575687408447,0.043329302221536636,0.9608284831047058,0.5111500024795532,0.9392601847648621,0.05208746716380119,0.7044467329978943,0.42880797386169434,0.9396436810493469,0.04093058779835701,0.6748970150947571,0.5488514304161072,0.970343828201294,-0.12406527996063232,0.9153919219970703,0.39674627780914307,0.9739440083503723,-0.14399950206279755,0.9286029934883118,142.4190644359442,140.8511179131122,90.96788714337362,23.86661471310589,66.15548535448707,90.49132119611006,25.870760665059382,64.13460514767077,94.91283712394407,14.429173359742666,103.53292864822357,88.75171309795459,13.303839408843277,103.24299806641194,96.38188959866173,71.91783167296947,160.75040651579056,82.50873406270097,71.34281610462664,159.79062562647255,547
0.5215402245521545,0.4928049147129059,0.0026779123581945896,0.9997072219848633,0.4411439299583435,0.4876757860183716,-0.0027222814969718456,0.9997255206108093,0.526314914226532,0.7045649290084839,-0.05364794656634331,0.9640077948570251,0.42336505651474,0.6948272585868835,-0.05235283821821213,0.982495129108429,0.5243318676948547,0.910587728023529,0.04716744273900986,0.9324849843978882,0.4187975525856018,0.9122219681739807,0.0441017784178257,0.9609190821647644,0.5111252665519714,0.9405842423439026,0.04669647291302681,0.7045533061027527,0.42880406975746155,0.9397404193878174,0.04113079234957695,0.6726012825965881,0.5487703084945679,0.9706264734268188,-0.13291113078594208,0.9161427617073059,0.3967245817184448,0.9738290905952454,-0.14251044392585754,0.9287980794906616,142.4779873410167,138.99586648386122,91.10021687607262,23.949905533956752,66.07857757012756,90.49535223879688,26.07877114175604,63.926652166255785,94.77104475340491,14.278346443733708,103.42573324568261,88.75172285108806,14.946201834179693,104.89155086823351,96.40860276508243,71.84832209898302,160.6750298315596,82.66392312113372,71.71775464477106,160.20290162482917,548
0.5216013193130493,0.49295419454574585,0.0033034987282007933,0.9997141361236572,0.4411320090293884,0.48772040009498596,-0.003364386036992073,0.9997283816337585,0.5263901948928833,0.7058177590370178,-0.051511771976947784,0.9637051224708557,0.4237445294857025,0.6952027678489685,-0.05267094448208809,0.9824845194816589,0.524337649345398,0.910878598690033,0.050017960369586945,0.9324894547462463,0.41865023970603943,0.9120711088180542,0.04623297601938248,0.9609178900718689,0.5110676288604736,0.9413402676582336,0.0492948442697525,0.7040241956710815,0.4283364713191986,0.9397324323654175,0.04341183975338936,0.6689686179161072,0.5488430857658386,0.9708493947982788,-0.13142934441566467,0.9161834716796875,0.39671093225479126,0.9736053943634033,-0.14118234813213348,0.9287132024765015,142.01828128110304,139.18281327211713,91.22437091744277,24.544269216674053,65.49036477839267,90.51393866340256,26.34558924060187,63.660207008291934,94.66110787571785,14.143253134898487,103.3229019682232,88.75191619252281,14.493389644941711,104.43719750742441,96.3464121993207,71.9386283993685,160.7826907142625,82.6926775325956,71.86431345050418,160.3512877816697,549
0.5216753482818604,0.49308159947395325,0.003266001120209694,0.9997255802154541,0.4411213994026184,0.48791640996932983,-0.0033290672581642866,0.999735951423645,0.526277482509613,0.7058266401290894,-0.05387817695736885,0.9636634588241577,0.42375922203063965,0.6949151754379272,-0.05301304906606674,0.9824402332305908,0.5243245959281921,0.911010205745697,0.04796949774026871,0.9328480362892151,0.41863560676574707,0.9117361307144165,0.04785922169685364,0.9609541893005371,0.5110191106796265,0.9419078826904297,0.047205161303281784,0.7041599750518799,0.42825332283973694,0.9397199749946594,0.045031458139419556,0.6668732166290283,0.5488782525062561,0.9708535075187683,-0.13558848202228546,0.9166536331176758,0.396706223487854,0.9732365012168884,-0.14047834277153015,0.9287407994270325,141.45894832712818,138.53449111519623,91.22739905789746,24.977647190070243,65.05671114702434,90.48845006723394,26.402775586693885,63.602452024030605,94.66268533161421,14.265408100425095,103.4513449889641,88.8031715619275,15.08146626673113,105.03164366066092,96.31606497463675,72.02942507619434,160.87951897966929,82.75219923090049,72.09226194326963,160.58787297702395,550
0.5216865539550781,0.49317827820777893,0.0033693357836455107,0.9997361898422241,0.4411040246486664,0.487987220287323,-0.003439475316554308,0.9997440576553345,0.526316225528717,0.7055482268333435,-0.05462511256337166,0.9640644788742065,0.4237280488014221,0.6949366927146912,-0.053185343742370605,0.9826322197914124,0.5243345499038696,0.9110446572303772,0.048422567546367645,0.9342445731163025,0.4185870587825775,0.911616325378418,0.050832975655794144,0.9619011282920837,0.5108962655067444,0.9420528411865234,0.04776346683502197,0.7075546383857727,0.4282159209251404,0.9398025274276733,0.04812514781951904,0.6700479388237,0.5488700270652771,0.9708619713783264,-0.13516554236412048,0.918470025062561,0.3965352475643158,0.9731557965278625,-0.14010557532310486,0.930392861366272,140.7489013255105,138.062125493268,91.22532830577843,25.67088428540182,64.3626842306527,90.49389175758606,26.636053474562218,63.369258610572295,94.6671052888859,14.285041990915673,103.47048723875317,88.79524814622336,15.320355582752528,105.27058512473648,96.27296360078637,72.246406421602,161.1004606882581,82.75827272813451,72.10202632488443,160.59941161015163,551
0.5218943953514099,0.4931972324848175,0.003697005333378911,0.9997454881668091,0.44109439849853516,0.4880909323692322,-0.00376957468688488,0.9997509717941284,0.5273004770278931,0.705334484577179,-0.05500730127096176,0.9640577435493469,0.4235403537750244,0.6949501037597656,-0.05649060755968094,0.9827718138694763,0.5244233012199402,0.9115889072418213,0.04821758717298508,0.9349764585494995,0.4184150695800781,0.911685049533844,0.04739835858345032,0.9627223014831543,0.5108876824378967,0.9427627921104431,0.04753772169351578,0.7097501754760742,0.42791661620140076,0.9403883218765259,0.0447213351726532,0.6718289852142334,0.5492217540740967,0.9710403084754944,-0.13590051233768463,0.9195510149002075,0.39645975828170776,0.9731701612472534,-0.14634273946285248,0.9317381978034973,140.00180631082924,137.89473247024426,91.22161690450075,25.63725461476114,64.39614223063612,90.7147035480557,26.59565941022547,63.41547666846747,94.7009238039314,15.035887956103997,104.24913815929821,88.5930516010087,15.530552264052718,105.46347388715371,96.16484881645134,72.49791754335075,161.37705277217626,82.69613060937345,72.2548797444309,160.71695329588104,552
0.522071361541748,0.4934103786945343,0.003663829294964671,0.9997496008872986,0.4410906434059143,0.48900243639945984,-0.0037390547804534435,0.9997554421424866,0.5290592312812805,0.7053388953208923,-0.05642122030258179,0.964351236820221,0.42181968688964844,0.6954126954078674,-0.05968955159187317,0.9829291105270386,0.5247710943222046,0.9119135141372681,0.04864216223359108,0.9356810450553894,0.4184117317199707,0.9117040038108826,0.04747249558568001,0.9633598923683167,0.5109184384346008,0.9431291222572327,0.048043038696050644,0.7119106650352478,0.42792004346847534,0.9406240582466125,0.04494054988026619,0.674247682094574,0.5500074625015259,0.9710447788238525,-0.13463421165943146,0.9205568432807922,0.39645102620124817,0.9732228517532349,-0.14498530328273773,0.9329013824462891,138.31956408447724,137.12224313064962,90.80887499849226,26.36774706954234,63.64660331681689,91.06000653236723,26.977057666254613,63.047201398601956,95.14904987161222,15.997192572063092,105.10374396031314,88.18304602536101,15.930153637221187,105.82069572525833,96.20306936573552,72.38079488145044,161.2525511656759,82.53426609735155,72.27515146455806,160.66968021918112,553
0.5219114422798157,0.4943760931491852,0.0033015788067132235,0.9997565746307373,0.44084352254867554,0.4902767539024353,-0.003396121319383383,0.9997618198394775,0.530540943145752,0.7057618498802185,-0.05737696960568428,0.9647656083106995,0.42033496499061584,0.695753276348114,-0.05981220677495003,0.9832269549369812,0.5248448848724365,0.9122788906097412,0.048937372863292694,0.936785876750946,0.4181290566921234,0.9117822051048279,0.05000053718686104,0.964137077331543,0.5108625292778015,0.944002091884613,0.048390958458185196,0.7167878150939941,0.4278169274330139,0.9408773183822632,0.04819261282682419,0.6782312393188477,0.5506926774978638,0.9710804224014282,-0.13383172452449799,0.9221281409263611,0.3964453935623169,0.9731703996658325,-0.13914678990840912,0.934502124786377,137.48417612668285,136.5992473793711,90.52152837120788,26.95000402865569,63.055871511027675,91.40477295203516,27.272702990952016,62.76959305894084,95.49766126693088,16.285249890818914,105.28057848102357,87.75293172809712,16.16896784231606,106.00354614984369,96.22294364882859,72.12858107167662,161.00634049140268,82.33252664440452,72.33041415385514,160.63663481732877,554
0.5214158892631531,0.498845636844635,0.000937325123231858,0.9997544884681702,0.44001907110214233,0.4948638677597046,-0.0010713266674429178,0.9997642040252686,0.5337144136428833,0.7067996859550476,-0.04581736773252487,0.9659708142280579,0.4171869158744812,0.6989389657974243,-0.05171450227499008,0.9840599298477173,0.526015043258667,0.912354588508606,0.07771292328834534,0.9392688870429993,0.41800427436828613,0.9120111465454102,0.07337170839309692,0.9659329056739807,0.5111619234085083,0.9440319538116455,0.07805313915014267,0.7245786190032959,0.4278269410133362,0.9410927891731262,0.07344770431518555,0.6902621388435364,0.5564578771591187,0.9713370203971863,-0.10274946689605713,0.9249650835990906,0.3950141966342926,0.9735095500946045,-0.10734528303146362,0.9375759363174438,135.27669199777853,136.04147362731504,89.81045867859491,30.41603600862189,59.584682075586755,91.83885456386416,31.05324945474226,59.01354313640209,96.19732428487161,15.227749501854303,103.85387328450773,86.69768305507965,13.087647712688574,102.64982324246583,96.86725522281189,71.34626673584883,160.03373294963453,80.89037793682553,72.13654333759094,159.8061057992378,555
0.5213842988014221,0.501232385635376,-0.00309113971889019,0.9997521638870239,0.43973246216773987,0.4982444643974304,0.0029397595208138227,0.9997655153274536,0.5366368293762207,0.7076435685157776,-0.04650440067052841,0.9669830203056335,0.41400614380836487,0.7008060812950134,-0.051614146679639816,0.9848013520240784,0.5284173488616943,0.912377119064331,0.0736503154039383,0.9413772821426392,0.418053537607193,0.9121753573417664,0.07353192567825317,0.9674196839332581,0.5132461786270142,0.9440117478370667,0.07369685173034668,0.7293853759765625,0.4281960427761078,0.9412415623664856,0.07376345247030258,0.701231837272644,0.562829852104187,0.9757217168807983,-0.10758285224437714,0.9274694323539734,0.39487725496292114,0.9735797047615051,-0.10394187271595001,0.9400877356529236,133.71716699058513,137.3018679052097,89.05602280015385,30.641767090825933,59.37596790739402,91.98305648845603,30.466381671968684,59.61217252375896,96.99156840009918,16.581649074078406,104.95854592140715,85.86403681472285,12.567297224261722,101.84618540940357,97.03540339456646,71.06403077221086,159.70482320331843,79.83785604660187,71.0483247381958,158.3089772462668,556
0.5214149355888367,0.5071038007736206,-0.005249973386526108,0.9997468590736389,0.4396137595176697,0.5047255754470825,0.005077623762190342,0.9997696876525879,0.54312664270401,0.7105943560600281,-0.042213477194309235,0.9687840938568115,0.41134944558143616,0.7061887979507446,-0.06251642853021622,0.9858856797218323,0.5311065912246704,0.9125052094459534,0.08023591339588165,0.9447828531265259,0.41822585463523865,0.9128398895263672,0.07037675380706787,0.9696150422096252,0.5157066583633423,0.94402015209198,0.08003255724906921,0.7377089858055115,0.4286655783653259,0.9418903589248657,0.07109476625919342,0.716947078704834,0.5640636086463928,0.975604236125946,-0.10268417745828629,0.9314172267913818,0.3941434323787689,0.9741448760032654,-0.10420823097229004,0.943915605545044,128.02211153519193,137.5821221948722,88.39683804274028,32.77911806184328,57.2701612955745,92.91397429666816,31.356777850158565,58.81008588362879,97.57634687095111,19.984639843975724,108.37966675012514,84.00712426521929,11.896280612503212,100.23849327714166,97.41537053207276,70.81960980448768,159.33006368755176,80.33398088260346,71.24827369543671,158.73538765806632,557
0.5215329527854919,0.5183924436569214,-0.005189084447920322,0.9997439384460449,0.43953973054885864,0.5151917338371277,0.005016384646296501,0.9997773766517639,0.5464011430740356,0.7183566689491272,-0.023914426565170288,0.9708884358406067,0.4092084765434265,0.7126757502555847,-0.06243623420596123,0.9870426654815674,0.5331975221633911,0.9128279089927673,0.11335692554712296,0.9487982392311096,0.41823869943618774,0.9132460951805115,0.0862625315785408,0.9720609188079834,0.5167220830917358,0.9441839456558228,0.11420170962810516,0.7515560984611511,0.4292300343513489,0.942105233669281,0.08847474306821823,0.7356095314025879,0.567885160446167,0.9760288596153259,-0.06554307043552399,0.9361660480499268,0.3933735489845276,0.9746399521827698,-0.08227577060461044,0.9481983780860901,123.79499230800077,138.23881227090914,87.92867048935697,36.60295026793937,53.475265740476964,93.17484882908504,35.341499887702035,54.84494152542661,98.26969416166216,20.531079746632653,108.65474374925488,82.94147863199294,8.848603649061376,95.30911194287681,97.89223062262982,70.18227941848443,158.54443319091772,79.63954468286421,70.87262587205811,158.05121778948975,558
0.5216124057769775,0.5314949750900269,-0.004945199936628342,0.9997432827949524,0.43885359168052673,0.5286206007003784,0.004772905260324478,0.9997870922088623,0.5509989857673645,0.7217674851417542,-0.013015344738960266,0.9730504155158997,0.4069214463233948,0.7209442257881165,-0.0652928426861763,0.9881688356399536,0.536460280418396,0.9118566513061523,0.17846618592739105,0.9527417421340942,0.4187750220298767,0.9140006899833679,0.09993437677621841,0.974420964717865,0.5199972987174988,0.9401951432228088,0.18460305035114288,0.7651951909065247,0.43028149008750916,0.9419854879379272,0.10429544746875763,0.7543036341667175,0.5700021982192993,0.9751937985420227,0.009116937406361103,0.9407805800437927,0.3933814764022827,0.9765589237213135,-0.06665913015604019,0.9523852467536926,118.53468692892297,131.0535585542111,87.32921392351072,40.63120400454071,49.494705586061215,93.08436423204125,45.29141027481277,44.87447247746407,98.86685686619137,21.81931079509673,109.76801563882638,81.22810331531562,9.09936399227238,92.4002413593813,98.12121211499603,69.6337447773577,157.93867147527237,79.49034030982509,69.85311386708307,157.06138623271005,559
0.5216301083564758,0.5380766987800598,-0.004754628054797649,0.9997410178184509,0.4381096363067627,0.5341244339942932,0.004591093398630619,0.9997941255569458,0.5518849492073059,0.7284192442893982,0.0015299615915864706,0.9751726388931274,0.4067862033843994,0.7237672805786133,-0.0654696375131607,0.9892216920852661,0.536521315574646,0.9127500653266907,0.20469024777412415,0.9566572904586792,0.41860857605934143,0.9166248440742493,0.11610927432775497,0.9766501188278198,0.5195895433425903,0.9402452707290649,0.21184520423412323,0.779547929763794,0.4300519526004791,0.9420636892318726,0.12240177392959595,0.7713426351547241,0.5684871077537537,0.9760879874229431,0.03237229958176613,0.9454452991485596,0.3918817937374115,0.9765796661376953,-0.051719386130571365,0.9563968777656555,115.6511039208443,132.65305754768121,87.44448124375087,43.33516407689712,46.77894829781551,93.20556229204584,47.863288943221285,42.3167106423652,98.80713620043629,22.032058523477957,110.02662682480599,80.97326072061587,9.22109005469751,88.13236595931743,98.52898640874865,70.56752746684573,158.63821880193746,80.12293873372326,70.13021288432161,157.62192781377132,560
0.5218042731285095,0.5527054667472839,-0.0046257758513092995,0.9997459053993225,0.43721550703048706,0.5491722226142883,0.004458879120647907,0.9998041987419128,0.5540362596511841,0.7377843260765076,-0.0009688708814792335,0.9770675301551819,0.4022243916988373,0.7330609560012817,-0.07484087347984314,0.9901891350746155,0.5382989048957825,0.9129024744033813,0.26477938890457153,0.9600515365600586,0.41814160346984863,0.9172914028167725,0.14997906982898712,0.9786628484725952,0.5197767019271851,0.9403339624404907,0.2792075276374817,0.7930251359939575,0.4299069941043854,0.942065417766571,0.16152319312095642,0.7874729037284851,0.5726033449172974,0.976395308971405,0.10945632308721542,0.9494059681892395,0.39007312059402466,0.976645827293396,-0.006329703144729137,0.9599778056144714,105.1768337804087,123.30355669439048,86.86551204141315,50.73703638516053,39.43765787033541,92.83087501013773,56.66267665678108,33.48934301938,99.91121402328486,25.237004498902913,112.95928197909615,80.12275425878639,9.94125499854562,88.88484136594366,99.5296748001434,69.50689974826356,157.21544355008058,78.4458138541147,68.24009926735121,155.07911120834942,561
0.5227758288383484,0.5609899759292603,-0.004531358368694782,0.9997527599334717,0.43704286217689514,0.5565917491912842,0.004362768027931452,0.999812662601471,0.5555487871170044,0.7429046034812927,-0.06998366862535477,0.9787455797195435,0.39978745579719543,0.7382298707962036,-0.1417023092508316,0.9910258054733276,0.5378603339195251,0.9168127179145813,0.19389766454696655,0.9630443453788757,0.4180602431297302,0.9192219376564026,0.12783485651016235,0.9803563952445984,0.5187743902206421,0.9430900812149048,0.2041275054216385,0.8032612204551697,0.42997878789901733,0.9432535171508789,0.13022002577781677,0.8000877499580383,0.5692243576049805,0.9797207713127136,0.029597217217087746,0.9527954459190369,0.38893207907676697,0.9773110151290894,-0.03952120617032051,0.9630160331726074,84.63576645078706,102.83223311198282,86.77869487338589,56.179722078322705,34.01563224435943,93.20350947217291,56.67254239454238,33.52205521470876,99.08122135644187,39.68926759392747,128.22944470224164,80.37884174810189,21.918879619691236,109.49887342031481,99.33735743945238,71.12147169135277,158.7792117602978,79.89186714519508,69.38906961230316,156.83716740119294,562
0.5233820676803589,0.5668643712997437,-0.004917052574455738,0.9997560381889343,0.43694454431533813,0.5631668567657471,0.0047427332028746605,0.9998180270195007,0.557389497756958,0.7484791278839111,-0.08461334556341171,0.980107843875885,0.39497384428977966,0.7438519597053528,-0.1424901783466339,0.9917371869087219,0.537464439868927,0.9175732135772705,0.18992367386817932,0.9653080105781555,0.4173470437526703,0.9195080995559692,0.12224577367305756,0.9817644357681274,0.5181742310523987,0.9446142315864563,0.20426145195960999,0.8086453676223755,0.4300754964351654,0.9436360001564026,0.13395406305789948,0.8108701705932617,0.5614274144172668,0.9795724153518677,0.03485416993498802,0.9552367925643921,0.3868890404701233,0.9786694049835205,-0.024073341861367226,0.9655177593231201,83.77538771200607,97.20480825438163,85.97188101015979,56.529011257642196,33.777571259040556,93.53614539807097,58.43722992056947,31.806602423691896,100.20800653784819,40.27529821050482,128.43997737096583,80.27025232300703,25.50589711352995,113.33169765065318,100.92286504645993,68.40409269219626,155.54544962969658,81.83452706629119,68.43975218305938,156.79809447314756,563
0.5248813629150391,0.5762975215911865,-0.004905053414404392,0.9997611045837402,0.4368733763694763,0.5710127949714661,0.004742148797959089,0.9998205900192261,0.5599572658538818,0.7464145421981812,-0.31663990020751953,0.9810861349105835,0.3915519118309021,0.742290735244751,-0.3358580470085144,0.9922535419464111,0.5371894240379333,0.9179223775863647,-0.05277521163225174,0.9667630195617676,0.4173456132411957,0.9199615716934204,-0.06479997932910919,0.9826335906982422,0.5174777507781982,0.9450299143791199,-0.03958087041974068,0.8130432367324829,0.43066295981407166,0.9440291523933411,-0.0506325364112854,0.819851815700531,0.5564232468605042,0.9800654053688049,-0.22156202793121338,0.9559530019760132,0.38707414269447327,0.9801572561264038,-0.21745392680168152,0.9669437408447266,59.65544428381708,61.4129131123037,85.4496400458704,56.87459731452944,33.51821897221361,94.13794071674167,57.073802085894386,33.252307066670895,96.77943744809625,63.50478645489526,152.51754397183848,84.35926166454206,61.529526179387545,150.87389364786003,100.45222579125011,68.85372935988302,156.1842173169676,83.89622075916144,69.90711422826621,158.92302783971599,564
0.5262624025344849,0.5858346223831177,-0.004866011906415224,0.9997561573982239,0.43703198432922363,0.5803003907203674,0.0046990071423351765,0.999821126461029,0.5606204271316528,0.752581000328064,-0.2922697961330414,0.9817728400230408,0.3910352885723114,0.7444174289703369,-0.33752432465553284,0.9927269816398621,0.5369899272918701,0.917872965335846,0.00030277937185019255,0.9676912426948547,0.41717249155044556,0.9200658798217773,-0.04152143746614456,0.9834428429603577,0.5174349546432495,0.9449409246444702,0.01679544523358345,0.8162915706634521,0.43097758293151855,0.9441932439804077,-0.024197988212108612,0.8271133303642273,0.5562983751296997,0.9796736836433411,-0.15663254261016846,0.9558424949645996,0.3871338963508606,0.9801286458969116,-0.18934312462806702,0.968093752861023,56.064207227304934,59.367444991339866,85.65745141672807,59.4126148939255,30.961014107398857,94.02249469184278,60.61497388897827,29.71360762331407,96.90999995274419,64.57884612068054,153.52486095440952,84.0964241113577,60.05462831803357,149.35878184418118,100.66178038781904,68.28849081553948,155.56768652615185,83.46933415330386,68.65194441101093,157.58043455184693,565
0.5265917778015137,0.5932307839393616,-0.0047826035879552364,0.9997603297233582,0.43703484535217285,0.5873518586158752,0.004640215542167425,0.999823272228241,0.5608335733413696,0.7547510266304016,-0.35483184456825256,0.9824661016464233,0.38864371180534363,0.7450235486030579,-0.3777189254760742,0.9931607246398926,0.5368413329124451,0.9178494811058044,-0.08058158308267593,0.9686066508293152,0.41679200530052185,0.9197536110877991,-0.09616725146770477,0.9840734004974365,0.5173963308334351,0.9450656771659851,-0.06546522676944733,0.8218650817871094,0.43099507689476013,0.9441776275634766,-0.07991891354322433,0.834475576877594,0.5565174221992493,0.9792788028717041,-0.2424371987581253,0.9557510018348694,0.38706034421920776,0.9800941348075867,-0.24578094482421875,0.9689204692840576,53.96488300994103,55.31321135710084,85.14456291058723,58.30390789706885,32.153387582683884,94.30004067441187,59.35563759882184,31.01035869974658,96.6733750015122,67.75042752164306,156.66706496668994,84.92428071670544,65.33401226278909,154.74785890498148,100.4423511761469,68.41755141754157,155.79085910205796,83.515856493091,69.35570261459317,158.2714646718647,566
0.5265558958053589,0.6045305728912354,-0.0048116943798959255,0.9997721314430237,0.43702903389930725,0.5981682538986206,0.004686475731432438,0.9998308420181274,0.5621975660324097,0.760780930519104,-0.3843374252319336,0.983397364616394,0.38203608989715576,0.7497676610946655,-0.40967679023742676,0.9936456680297852,0.5367716550827026,0.9178211688995361,-0.09584178775548935,0.9699409604072571,0.4161769449710846,0.9197399020195007,-0.11142326891422272,0.9847858548164368,0.5173279643058777,0.944849967956543,-0.07870092988014221,0.8296234011650085,0.43125224113464355,0.9441536068916321,-0.09247259050607681,0.8425069451332092,0.5566449761390686,0.9793398380279541,-0.25413939356803894,0.9564946293830872,0.3869292140007019,0.9804800152778625,-0.25412994623184204,0.9699687957763672,49.46300258877573,50.75780937432427,84.32044437476164,60.48170349415797,30.168339162272197,94.42629775741105,61.53167991546384,28.87367386558653,97.10453864207489,70.06525503584616,158.7345589219396,85.0369124189112,67.7114988685374,157.10692987883536,100.67937015427398,67.36571698627645,154.71380797758508,83.3257164285877,68.91337284503543,157.78480995812606,567
0.5265302658081055,0.6131855845451355,-0.004768810234963894,0.9997864365577698,0.43704676628112793,0.6082344055175781,0.004656651057302952,0.9998408555984497,0.5630298852920532,0.7658475041389465,-0.4062349200248718,0.9843665957450867,0.37826597690582275,0.7544165849685669,-0.42275986075401306,0.9940962195396423,0.5367380976676941,0.9178097248077393,-0.10941080749034882,0.971260666847229,0.41586393117904663,0.9189351797103882,-0.10676191002130508,0.9854351878166199,0.5173064470291138,0.9437928795814514,-0.09121774137020111,0.8371861577033997,0.4315173625946045,0.944020688533783,-0.08614577353000641,0.8503871560096741,0.5561081767082214,0.9800141453742981,-0.2644047141075134,0.9574127197265625,0.38700464367866516,0.9806576371192932,-0.24445757269859314,0.9709650278091431,46.06706748933229,47.761745823748015,83.97557828480491,62.66170010838418,28.104643993464165,94.50815207665259,62.98006219936253,27.45488088131814,97.413988798874,71.28237232286794,159.76470717872044,85.1427177173967,69.25836550955658,158.64557297349802,100.82719629111655,66.31195497141071,153.67238137512243,83.38432396445904,68.28573403117414,157.20091787899733,568
0.5265000462532043,0.6211053729057312,-0.004831964150071144,0.9997950196266174,0.4371379017829895,0.6170189380645752,0.00473982747644186,0.9998465776443481,0.565660297870636,0.7733234167098999,-0.3877823054790497,0.9850781559944153,0.37396174669265747,0.7591030597686768,-0.3926333487033844,0.9944674372673035,0.5366676449775696,0.9170242547988892,-0.0738629549741745,0.9718441963195801,0.41588640213012695,0.9184284806251526,-0.08176688849925995,0.9858342409133911,0.5175259709358215,0.9368227124214172,-0.05356685444712639,0.8409730195999146,0.4319639801979065,0.942828893661499,-0.06131696701049805,0.8562856912612915,0.5549951195716858,0.979469895362854,-0.22032514214515686,0.9571055173873901,0.38726478815078735,0.9806929230690002,-0.21671418845653534,0.9713286757469177,46.39488923983483,46.08296795301445,83.15616189489118,63.07297553580637,27.922133180940303,94.80024336812257,65.49538011707462,25.03198490460537,98.5141002712729,70.55067764226871,158.62906156531577,84.57162480580782,68.42489012672674,157.68524369898202,100.90077611332275,65.70758755340516,153.07801725700173,83.43365547434416,67.06868602644266,156.0423149973528,569
0.5264748930931091,0.6359395980834961,-0.004812194965779781,0.9998078346252441,0.4366275370121002,0.632666289806366,0.004722735844552517,0.999854564666748,0.5684700012207031,0.7778494954109192,-0.40382227301597595,0.9859530925750732,0.3730086088180542,0.7666074633598328,-0.38616475462913513,0.9948341846466064,0.5365475416183472,0.9169192910194397,-0.08712171018123627,0.9727543592453003,0.4161830544471741,0.9175524115562439,-0.06499596685171127,0.9861420392990112,0.5174847841262817,0.9347696304321289,-0.06586654484272003,0.8460016250610352,0.4330582618713379,0.9405180215835571,-0.04424610361456871,0.8619024157524109,0.5520607233047485,0.9794735312461853,-0.22541995346546173,0.9574270844459534,0.3880104422569275,0.9806352257728577,-0.21355882287025452,0.9715610146522522,43.689290618382465,43.080304727897946,83.06335993356429,65.0240633440007,26.05094237235628,95.27294062472421,66.39915179668016,24.25351144802026,98.75291855271762,71.31400153786115,159.22588537369631,84.33687401255509,70.52124642193513,159.65012815106115,99.90123488346711,67.35481601738674,155.05961615615473,84.16444405113775,65.79632073487235,155.01374575177493,570
0.5258657336235046,0.6448333263397217,-0.004326836671680212,0.9998188018798828,0.43600592017173767,0.6407517194747925,0.004262961912900209,0.9998618364334106,0.5715903043746948,0.7805410623550415,-0.39403235912323,0.9866365790367126,0.3689289391040802,0.766606867313385,-0.37315449118614197,0.9951549172401428,0.5360463261604309,0.9167839288711548,-0.092560775578022,0.9737987518310547,0.4162238538265228,0.9173920154571533,-0.06029230356216431,0.9866877794265747,0.5165807008743286,0.934991717338562,-0.07265757769346237,0.8535704612731934,0.4332827627658844,0.9401800036430359,-0.03953583166003227,0.8693933486938477,0.5514136552810669,0.9794830083847046,-0.23092687129974365,0.9584908485412598,0.38845133781433105,0.9805062413215637,-0.21098026633262634,0.9724823236465454,43.67944178497956,43.249786896855134,82.24527983965159,64.52034563509908,26.79858764891702,96.13230175442534,65.82862842972476,25.035039757124338,99.57002696679253,71.8240036368626,159.2999824112816,83.67714028487578,70.92159608872885,159.82330223455173,99.64782385559941,67.61308384545703,155.411276807859,84.22353008081878,65.75463213514188,154.98854363632745,571
0.5249333381652832,0.6566056609153748,-0.004063718020915985,0.9998313188552856,0.4339221119880676,0.6531217694282532,0.00401659170165658,0.9998703598976135,0.5748847723007202,0.7793843150138855,-0.4171110987663269,0.9874737858772278,0.360853374004364,0.7670665979385376,-0.38366490602493286,0.9954862594604492,0.5353826284408569,0.9162148833274841,-0.1089860051870346,0.9752547740936279,0.4165264964103699,0.9167851805686951,-0.05446483567357063,0.9872730374336243,0.5150569677352905,0.9347277879714966,-0.08822001516819,0.862093985080719,0.43408361077308655,0.939145028591156,-0.03895633667707443,0.8769092559814453,0.5509854555130005,0.9795644283294678,-0.24273307621479034,0.9603080749511719,0.3894784450531006,0.9805201292037964,-0.1723257303237915,0.9735396504402161,40.27666856086227,40.21540173647447,81.24839503421772,65.84721335812579,25.883612581246375,96.68277413371995,66.22795890538028,24.806849164986215,100.24989471433597,73.8897905838906,160.7531538335362,83.38772722599137,73.5586340594322,162.2080605779904,101.41270367401631,62.20794312271157,149.568088139154,83.98150226614622,64.80483054065377,153.99656745188372,572
0.5236932039260864,0.654958188533783,-0.002546460833400488,0.999845027923584,0.4318947196006775,0.6513404250144958,0.002505671698600054,0.9998793601989746,0.5751062631607056,0.7807508707046509,-0.43783798813819885,0.9882374405860901,0.36255913972854614,0.7696132063865662,-0.4079008102416992,0.9957712292671204,0.5339776873588562,0.9170657992362976,-0.12950517237186432,0.9764707684516907,0.41649380326271057,0.9167644381523132,-0.05656120181083679,0.9876050353050232,0.5127846002578735,0.9355117082595825,-0.10834411531686783,0.8694363236427307,0.43420520424842834,0.9389174580574036,-0.035201672464609146,0.8824478983879089,0.5515062808990479,0.9814853072166443,-0.2693414092063904,0.9618371725082397,0.38852158188819885,0.9803289175033569,-0.17202535271644592,0.9742382168769836,38.360750773101664,39.68596551314189,81.94083756483927,67.5114442581625,24.040489619730423,96.9556706428635,66.33592070121604,24.78692818138676,99.2207893936429,74.13708713878724,161.52788256808682,83.52640696303608,73.98704873206916,162.66215199499842,101.98183197610037,61.85161278605084,148.97479295078952,83.50480075911099,65.43481076382282,154.47889568821807,573
0.5203059911727905,0.6617822051048279,-0.0016841382021084428,0.9998571276664734,0.42807966470718384,0.6596058011054993,0.001673378050327301,0.9998874664306641,0.5752716064453125,0.7789462208747864,-0.41781535744667053,0.9889140725135803,0.361837774515152,0.7820827960968018,-0.3948448896408081,0.9960362911224365,0.5335846543312073,0.9192890524864197,-0.13734839856624603,0.9777095913887024,0.41633719205856323,0.9168230295181274,-0.054518841207027435,0.9878543019294739,0.5121460556983948,0.9388989210128784,-0.11899542808532715,0.8766789436340332,0.4341947138309479,0.9392021298408508,-0.03339473530650139,0.8867781758308411,0.5541137456893921,0.9856625199317932,-0.2746203541755676,0.9633090496063232,0.38821545243263245,0.9805644154548645,-0.1611853390932083,0.974667489528656,38.297930723736,41.939032161367365,81.53122018680223,68.64777081587299,23.126127106511596,97.57146573535567,63.66677636004468,27.56447866782529,99.06893068678274,73.0561691300373,160.6505586549505,82.75407712661006,74.40393514573559,162.72434745178154,102.75194225106897,59.979299514264916,146.84944974030577,82.33192853509186,64.44287059050947,153.1552240853857,574
0.5181208252906799,0.6698964834213257,-0.0008742721984162927,0.9998666048049927,0.4260093569755554,0.6654893159866333,0.0008906518341973424,0.9998931288719177,0.5757666826248169,0.7799066305160522,-0.41099777817726135,0.9895880222320557,0.3616564869880676,0.7887943983078003,-0.380845844745636,0.996285080909729,0.533028781414032,0.9207012057304382,-0.13585302233695984,0.9788756370544434,0.41583389043807983,0.916553258895874,-0.04822053760290146,0.9880653619766235,0.511703372001648,0.9400851726531982,-0.11769727617502213,0.883263111114502,0.43405285477638245,0.9388777017593384,-0.022920534014701843,0.8906391263008118,0.5543132424354553,0.9868154525756836,-0.26666462421417236,0.9646546244621277,0.38813525438308716,0.9803489446640015,-0.14034706354141235,0.974942147731781,38.43036730966928,41.70679563844233,81.35449500007734,69.23844463357649,22.645923749890606,97.87273728524515,63.176676848156546,28.136373985553565,99.11363764951639,72.33245236799172,159.9805003487251,82.26889372731473,75.12428769229479,163.1520057888202,103.88403891683785,56.44948243549402,142.94966556576676,81.73743468982141,63.48743922667364,152.03342729369416,575
0.5163085460662842,0.6774904131889343,0.0010639550164341927,0.9998760223388672,0.42459607124328613,0.6717786192893982,-0.0010040660854429007,0.9998993873596191,0.5763943195343018,0.7796099185943604,-0.4074307382106781,0.9902500510215759,0.3611781597137451,0.795722246170044,-0.37866276502609253,0.9965310096740723,0.5330517888069153,0.9214645624160767,-0.1400814950466156,0.9799860715866089,0.415338933467865,0.916549801826477,-0.047909341752529144,0.9883296489715576,0.5116150975227356,0.9425595998764038,-0.12247334420681,0.8901985883712769,0.43403783440589905,0.9388824701309204,-0.021605785936117172,0.894564151763916,0.5572996735572815,0.9893504977226257,-0.26545581221580505,0.965957760810852,0.3878069818019867,0.9803434014320374,-0.1379305124282837,0.9752272367477417,37.75995084326338,41.543778903240344,81.25597074276578,70.1753250734671,21.81778755136704,98.1498601438606,62.35631858144071,29.022011815949327,99.0651955218874,72.06541512054002,159.76332015816928,81.87876129340451,76.10790573201965,163.8250552245173,104.01113340294312,55.875843981640585,142.33791477898936,80.34790059195387,62.004228362606185,150.1023880382136,576
0.5149973034858704,0.6820191144943237,0.002038102364167571,0.9998844861984253,0.42364031076431274,0.6757472157478333,-0.0019659989047795534,0.9999048709869385,0.5777233839035034,0.7806472778320312,-0.41022807359695435,0.9908132553100586,0.36086806654930115,0.7998349666595459,-0.3927266299724579,0.9967260360717773,0.5324026346206665,0.9238684773445129,-0.1477413773536682,0.9808132648468018,0.41487088799476624,0.9174090027809143,-0.051081378012895584,0.9882424473762512,0.5104172229766846,0.9465149641036987,-0.13085003197193146,0.8950124382972717,0.4339869022369385,0.9396983981132507,-0.024222660809755325,0.8966367840766907,0.557887077331543,0.9907242059707642,-0.2748956084251404,0.9667465090751648,0.38708731532096863,0.9808894395828247,-0.14283820986747742,0.9749501347541809,36.18223916530299,41.58729175014632,81.49928097967076,71.2260542337613,20.741960712398434,98.61846516500182,61.73411688039884,29.782447268943407,98.70477760802272,72.59198290398248,160.41067321979614,81.5828010503927,76.69336373632068,164.17101206316326,103.98292645432967,56.48968447975457,142.94010092530056,79.94063692135923,62.72743136510026,150.63404999994682,577
0.5141197443008423,0.6906278133392334,0.0028547225520014763,0.9998926520347595,0.4230380952358246,0.6828541159629822,-0.0027700287755578756,0.999910831451416,0.5802062749862671,0.7819750308990479,-0.4118328094482422,0.9914020299911499,0.35890308022499084,0.7993943095207214,-0.4028480648994446,0.9969318509101868,0.5324784517288208,0.9240862131118774,-0.1492253839969635,0.9816814064979553,0.4146697521209717,0.9182311296463013,-0.07154513895511627,0.9885465502738953,0.5103097558021545,0.9472854137420654,-0.13163575530052185,0.900892972946167,0.43398037552833557,0.9408702850341797,-0.0458710715174675,0.9008550643920898,0.5612890720367432,0.9909164309501648,-0.27132874727249146,0.9677780866622925,0.3862501382827759,0.9808834195137024,-0.16044601798057556,0.9754235148429871,35.528763657030524,40.32295727279696,80.99684154633128,70.52032927696901,21.61480386514908,99.08144911031228,61.967717678191576,29.720264205419735,98.74970416761714,73.95363032730936,161.60851153029978,81.15382739484183,77.72738782434391,164.78993090246374,104.64430755075381,56.127436787421,142.2652056580727,78.30610714153414,61.955897479684936,149.20426727802487,578
0.5139040946960449,0.6970889568328857,0.0030427458696067333,0.999900221824646,0.422893762588501,0.6891714334487915,-0.002931109396740794,0.9999166131019592,0.581116795539856,0.7834206223487854,-0.40985697507858276,0.9919590950012207,0.35824865102767944,0.8023864030838013,-0.3927898108959198,0.9971174001693726,0.532483696937561,0.9239585995674133,-0.12828081846237183,0.9822489619255066,0.4147477149963379,0.9182151556015015,-0.051303327083587646,0.9887879490852356,0.5103150606155396,0.9452120065689087,-0.10423828661441803,0.9058335423469543,0.43429073691368103,0.9403326511383057,-0.021774467080831528,0.9051394462585449,0.5609785318374634,0.9916656613349915,-0.21351051330566406,0.968144416809082,0.3862811028957367,0.981349766254425,-0.11862524598836899,0.9755324721336365,34.48872064082222,37.85359530247478,81.09515023128215,71.49766758022811,20.676029825436864,98.78488131642747,63.81066886561808,27.840835527833498,99.04771400338036,74.0136176447468,161.50975616575727,80.94679187997104,78.33956705653839,165.15877330641862,107.14150853136725,49.180953857741834,134.18888662335553,75.33027076404036,53.00507988379681,139.24219178605142,579
0.514134407043457,0.7054333090782166,0.0029500736854970455,0.9999070763587952,0.42322906851768494,0.6955661177635193,-0.0028366742189973593,0.9999216794967651,0.5815528631210327,0.7829506397247314,-0.3946879208087921,0.9924232959747314,0.3572179675102234,0.7872498631477356,-0.3716755211353302,0.9972585439682007,0.5325064063072205,0.9234654307365417,-0.12921816110610962,0.9825975298881531,0.4148561954498291,0.9182056188583374,-0.05346135422587395,0.9889290928840637,0.5103520154953003,0.944183886051178,-0.10921242088079453,0.9097602367401123,0.4345881938934326,0.9402857422828674,-0.02639690600335598,0.9090139269828796,0.558639645576477,0.9915119409561157,-0.22308678925037384,0.968337893486023,0.3862268924713135,0.9816867113113403,-0.12783904373645782,0.9755659699440002,35.79473475011012,38.38525876412972,80.49118009088123,67.95479634587932,24.210154876527827,99.27398006991625,62.50313745448798,29.276021964457524,99.85309943876894,76.25066198013378,162.9702065922844,80.55172771430377,79.12033995609448,165.51385984048895,106.3188864209645,51.46175334666744,136.8848734368353,77.2974339133663,55.07135146570051,142.16943603975463,580
0.5142390727996826,0.7110183238983154,0.0031057994347065687,0.9999125599861145,0.4234839081764221,0.7025476694107056,-0.002945715794339776,0.9999257326126099,0.5816674828529358,0.7828297019004822,-0.3939717411994934,0.9926702976226807,0.3575756251811981,0.7796817421913147,-0.3731539845466614,0.9973443150520325,0.5325115919113159,0.9232097864151001,-0.1394539773464203,0.9824720025062561,0.41485992074012756,0.9178304672241211,-0.08158212155103683,0.9889435172080994,0.5103582143783569,0.9441569447517395,-0.12045272439718246,0.9137203097343445,0.4346335828304291,0.9402819871902466,-0.0577533021569252,0.9123527407646179,0.5587184429168701,0.9907339215278625,-0.22614805400371552,0.9679986238479614,0.3868357539176941,0.9817276000976562,-0.15318551659584045,0.975345253944397,36.54032477323921,38.5673019414032,79.93225413699922,65.06539073870628,27.154428319489895,99.59878656956516,61.5624308432647,30.301579775392145,99.88662890468548,78.40784661994809,164.67412881874782,80.51346525699127,79.89054801291157,166.06745308764852,106.27860812249796,50.27351980807881,135.74198262839542,76.58626576327647,53.29332307472687,140.1218272784185,581
0.514346182346344,0.7147713303565979,0.00243662903085351,0.999915361404419,0.42400074005126953,0.7070924639701843,-0.0022040714975446463,0.9999275207519531,0.5822810530662537,0.7839936017990112,-0.397992879152298,0.9927713871002197,0.3530035614967346,0.7760733366012573,-0.3554331362247467,0.9973821640014648,0.5326602458953857,0.9229555130004883,-0.14486920833587646,0.9814260601997375,0.41507720947265625,0.917823851108551,-0.07836945354938507,0.9887703657150269,0.5106179118156433,0.9429503679275513,-0.12421399354934692,0.9155332446098328,0.43494758009910583,0.940284788608551,-0.05494987964630127,0.9150664806365967,0.5586674809455872,0.9905282855033875,-0.22872039675712585,0.966318666934967,0.38697680830955505,0.9818429946899414,-0.14923113584518433,0.9744742512702942,37.38895065621653,38.01142277515194,78.72020392067274,63.469752209475814,29.184304691639827,99.75055181809374,61.68713405814233,30.239556580464214,101.15936011752025,79.16145720515732,164.34488512692872,80.50931662389686,80.32775171393719,166.38446621852128,106.39661627953609,49.975929945624806,135.385361797146,76.42296163363702,52.41475358371343,139.1896639262576,582
0.5145219564437866,0.7244709134101868,0.0022854621056467295,0.9999198913574219,0.425361305475235,0.7176066040992737,-0.002005455782637,0.9999316334724426,0.5830840468406677,0.783879816532135,-0.398121178150177,0.9930354356765747,0.3514859974384308,0.7740524411201477,-0.3562718629837036,0.997481107711792,0.5330568552017212,0.9217124581336975,-0.15836521983146667,0.9810010194778442,0.415599524974823,0.9182361960411072,-0.1104833111166954,0.9891358613967896,0.5109047293663025,0.9420515894889832,-0.13772514462471008,0.9191514253616333,0.4356051981449127,0.9410143494606018,-0.08900873363018036,0.9196487069129944,0.5590092539787292,0.9872032403945923,-0.23018065094947815,0.9659410715103149,0.38827797770500183,0.9819516539573669,-0.17249086499214172,0.9751080870628357,38.54281852498512,37.742169046331405,77.31999643701313,60.41972727459419,32.700380809103564,100.25371661475978,60.630637472829726,31.449249467875916,101.63640674995025,81.13464474450838,165.29524652893775,80.38665299967613,81.67987400138733,167.23399879771353,107.0822999173748,46.76197473341021,131.8104464014237,75.04974058486276,49.38201158647126,135.55172137429284,583
0.5146378874778748,0.7314215898513794,0.0022752881050109863,0.9999235272407532,0.4256611764431,0.7277365326881409,-0.0019967015832662582,0.9999346137046814,0.5828848481178284,0.7831377387046814,-0.418168842792511,0.9931927919387817,0.349983274936676,0.7732564806938171,-0.36218956112861633,0.9975391626358032,0.5338348150253296,0.9214887022972107,-0.18194405734539032,0.9805530905723572,0.41559529304504395,0.918429434299469,-0.11161132901906967,0.9893183708190918,0.511391282081604,0.9419203996658325,-0.16102255880832672,0.9224735498428345,0.43559521436691284,0.9411901831626892,-0.0879782885313034,0.9234479665756226,0.5598888397216797,0.9862085580825806,-0.256946325302124,0.9656742215156555,0.38879668712615967,0.9820168018341064,-0.174512580037117,0.9753744006156921,36.41951027638793,36.83355040747292,77.23426555516178,60.73122644261945,32.447185247974126,100.15808890367973,60.16816446829248,31.856559708307337,101.7744690279536,82.94967052331536,166.22381243559383,80.84789463945253,83.07734598595647,168.4884868066696,106.67921530784467,47.07654924211845,132.35113363786147,75.26502656262689,50.81566424826689,137.07096513992124,584
0.5146647691726685,0.7398704290390015,0.0022782625164836645,0.9999231696128845,0.42666563391685486,0.7366834878921509,-0.002013199497014284,0.9999340772628784,0.5827370882034302,0.7831029295921326,-0.4396364092826843,0.9932518601417542,0.35061749815940857,0.7737704515457153,-0.36986273527145386,0.9975398778915405,0.5336166620254517,0.9209280014038086,-0.18833354115486145,0.9795071482658386,0.41561514139175415,0.9200983047485352,-0.1130085214972496,0.9894035458564758,0.5111121535301208,0.941476047039032,-0.16547155380249023,0.9246463179588318,0.43556922674179077,0.9417415261268616,-0.08816462755203247,0.9269474744796753,0.5546515583992004,0.984510600566864,-0.2626219391822815,0.9649911522865295,0.3887893855571747,0.9822700023651123,-0.17440207302570343,0.975688099861145,34.63490062523117,33.88717394201414,77.59938513602383,61.08884579145605,31.938001741650893,99.72490050172212,61.70836480553254,30.209349548115078,101.62329635103211,84.3612821865875,167.0466329131043,81.28398218460062,84.4772637353496,169.65846345222684,107.06736082855025,47.13998914503329,132.19808842724058,77.85964924142134,50.5281152743882,137.96502201958882,585
0.5145882368087769,0.7443114519119263,0.0025122775696218014,0.9999200105667114,0.4272683262825012,0.7405644655227661,-0.0022999157663434744,0.9999304413795471,0.5826233625411987,0.7830243706703186,-0.44580966234207153,0.9933962225914001,0.35308951139450073,0.7760391235351562,-0.3707353174686432,0.9975345730781555,0.5333597660064697,0.920890748500824,-0.182901531457901,0.97920823097229,0.4154452681541443,0.9219299554824829,-0.11039681732654572,0.9897547960281372,0.5110252499580383,0.9414278864860535,-0.15957631170749664,0.9281481504440308,0.43488240242004395,0.9434313178062439,-0.08564548194408417,0.9312343597412109,0.5549948811531067,0.984524667263031,-0.2627549171447754,0.9654607772827148,0.3887287676334381,0.9825279116630554,-0.1798197627067566,0.9767220616340637,34.04081845372614,32.2042753831877,78.19805922516478,61.41073352326321,31.35937555612801,99.42220208427109,62.73253745948441,29.111795422553197,101.33239925969315,84.60779771904772,167.41926857145765,81.40242806960178,85.12030540362088,170.09585228413695,106.16811280194395,50.83239571892468,136.3500827565906,78.03672589232625,52.43417046130241,139.9132403154719,586
0.5144612193107605,0.75251704454422,0.0025001252070069313,0.9999182820320129,0.4280201494693756,0.7496970295906067,-0.0022903396748006344,0.9999275207519531,0.5825380086898804,0.7825611233711243,-0.44185519218444824,0.9935865998268127,0.3557465970516205,0.776180624961853,-0.38264724612236023,0.9974989295005798,0.5334799885749817,0.9208697080612183,-0.17801859974861145,0.9790216088294983,0.4154461920261383,0.9226554036140442,-0.12131015211343765,0.9900614619255066,0.5116208791732788,0.9414867758750916,-0.1547584980726242,0.9313098192214966,0.4348800778388977,0.944095253944397,-0.0962207242846489,0.9353230595588684,0.5558327436447144,0.9842137098312378,-0.2604174315929413,0.9659991264343262,0.3887704908847809,0.9825274348258972,-0.19483868777751923,0.9777413010597229,32.62873453159696,31.13932285303268,78.73009954946903,61.34752043174754,31.184321850239833,99.3517864123888,62.73401741123517,29.083710935864048,100.73342063757951,86.0868164080068,168.55952974925734,81.30934923043532,86.17643971588019,170.49346689984043,105.71265311052079,52.56768285538145,138.28511492359408,77.86232614831921,53.42703029546232,140.81278845858762,587
0.5137556195259094,0.7552034854888916,0.00218567973934114,0.9999129176139832,0.4281059801578522,0.7524216175079346,-0.0019839759916067123,0.999921441078186,0.5824498534202576,0.7816516757011414,-0.4381104111671448,0.993636965751648,0.35887810587882996,0.7758679986000061,-0.382146418094635,0.9974151253700256,0.5334740877151489,0.9215829372406006,-0.20958352088928223,0.9783124327659607,0.41544675827026367,0.9226056933403015,-0.13977371156215668,0.9900837540626526,0.5123335123062134,0.9421390891075134,-0.18985529243946075,0.9334025382995605,0.4348691403865814,0.9442070722579956,-0.11666550487279892,0.9383970499038696,0.5573531985282898,0.9841778874397278,-0.3009176254272461,0.9657927751541138,0.3889458179473877,0.9823722243309021,-0.218815416097641,0.9782491326332092,34.10119004508219,34.44446673512563,78.70903802658785,59.47739732979298,32.97760016683033,100.35758284599667,59.090050942262984,32.97307377674622,100.30136569359905,86.52773248236132,169.1170298213564,81.148004666031,86.60341747392205,170.50892245021356,104.9723605566561,54.36260674153806,140.4045460115677,77.82991253667213,56.45349525499193,143.73933841108058,588
0.5137665867805481,0.7616636753082275,0.0011685618665069342,0.9999033212661743,0.4288989007472992,0.7581303715705872,-0.0010009689722210169,0.9999121427536011,0.5824486613273621,0.7815061807632446,-0.4337213635444641,0.9937962293624878,0.35886678099632263,0.7742136716842651,-0.36664924025535583,0.9973347783088684,0.5331115126609802,0.9231283664703369,-0.19960807263851166,0.9779561758041382,0.41556206345558167,0.9235010147094727,-0.12605439126491547,0.990089476108551,0.5126026272773743,0.9430191516876221,-0.17975735664367676,0.9358474016189575,0.43491989374160767,0.9451661705970764,-0.10297270864248276,0.9415094256401062,0.5570065379142761,0.9845117330551147,-0.28668177127838135,0.9659147262573242,0.38892295956611633,0.9824115633964539,-0.20207881927490234,0.9786878824234009,33.682270619928794,33.320029845297796,78.67727465895963,58.87009032617719,33.57350756002954,100.22145991200819,59.377492870086854,32.64310659569192,100.83225126616847,87.52633271831108,168.88221657166406,81.03458926387232,87.41954427866892,170.6647231224338,105.48154605102567,53.82220210602424,139.62107723488714,77.35821546598305,55.79114588040576,142.8929141010767,589
0.5137624740600586,0.7660320401191711,0.00022940376948099583,0.9998936057090759,0.42987051606178284,0.763559877872467,-3.119953180430457e-05,0.9999050498008728,0.583352267742157,0.7815202474594116,-0.42686423659324646,0.9938488602638245,0.3588632643222809,0.7738597989082336,-0.3577482998371124,0.9972144961357117,0.5324130654335022,0.9233489632606506,-0.20451852679252625,0.9768015146255493,0.41599828004837036,0.923749566078186,-0.12996169924736023,0.9897934794425964,0.512686014175415,0.9432967305183411,-0.18545591831207275,0.9372608065605164,0.4351080060005188,0.9455665946006775,-0.10829822719097137,0.9437231421470642,0.5541720986366272,0.9845935106277466,-0.2873349189758301,0.9650642275810242,0.38916802406311035,0.9827964901924133,-0.20226076245307922,0.978519082069397,34.272473782387216,34.09810747532904,78.16588487767488,57.451712486718556,35.15364828010294,100.93204693415274,58.12804415236503,34.12819630313834,101.22280019351508,88.38225720032995,168.6581958995731,80.75163828898047,87.95013372956028,170.5232877401774,106.03594361386916,52.55941761184926,138.1059097636265,78.07173804801121,54.425877837404514,141.87487907831775,590
0.5142714381217957,0.7659168243408203,-0.0002941791317425668,0.9998785853385925,0.4308425486087799,0.764758288860321,0.0005209841183386743,0.9998923540115356,0.5841132998466492,0.7814974188804626,-0.41140276193618774,0.9937701225280762,0.36113399267196655,0.7723891735076904,-0.35401207208633423,0.997029185295105,0.531580924987793,0.9231432676315308,-0.19532530009746552,0.9753110408782959,0.4159944951534271,0.923695981502533,-0.13138869404792786,0.9893240928649902,0.5126221776008606,0.9424798488616943,-0.1755443811416626,0.9382861852645874,0.4350748062133789,0.9456924796104431,-0.11024443805217743,0.945411741733551,0.5525099039077759,0.9843453168869019,-0.27282294631004333,0.9636592268943787,0.3898617923259735,0.983116090297699,-0.2002936154603958,0.9779936671257019,34.7258259370401,34.84481848803473,78.4803120759352,56.578702780881834,35.86502053668644,101.49301681291158,57.50375218427873,34.959842453326445,101.12113065849435,88.79012755739011,168.81157880556535,80.36505382362462,87.86021722968692,170.125872832752,106.02478177975904,51.12046941311512,136.7087853255136,78.03386494840443,52.67756633703951,140.1507128263525,591
0.5142854452133179,0.7699416279792786,-0.0005204250337556005,0.9998635649681091,0.43128395080566406,0.7688658833503723,0.0007623295532539487,0.9998819828033447,0.5850980281829834,0.782084584236145,-0.3913547694683075,0.9936384558677673,0.3610760271549225,0.7721426486968994,-0.3446425497531891,0.996879518032074,0.5312755107879639,0.9230970740318298,-0.19211651384830475,0.9736407399177551,0.41597872972488403,0.9236862063407898,-0.13207122683525085,0.9888667464256287,0.5124192833900452,0.942618727684021,-0.17136207222938538,0.9389017820358276,0.4350978434085846,0.9464567303657532,-0.11191339790821075,0.946693480014801,0.5523630976676941,0.9843482375144958,-0.26003748178482056,0.9618276357650757,0.38995617628097534,0.9832006692886353,-0.19807887077331543,0.9772622585296631,35.25975571191704,36.38065821444608,78.12335812775667,55.38439924010042,37.17125157160281,102.43484332012066,55.65653560037523,37.146132242030724,101.48906416669013,89.46735754098302,168.49825865388308,79.73522761233707,88.24892302078288,169.5837406336003,106.3197930876472,50.010100145158795,135.46054402006138,77.01645048270953,49.26344872928502,136.35610482267137,592
0.5145963430404663,0.7717395424842834,-2.1063215172034688e-05,0.9998501539230347,0.4324212968349457,0.7726013660430908,0.0002885141293518245,0.9998736381530762,0.5867249369621277,0.782453715801239,-0.39406150579452515,0.9933938384056091,0.36124977469444275,0.7712083458900452,-0.3450615108013153,0.9966447949409485,0.5314871072769165,0.9214493632316589,-0.18962612748146057,0.9711567163467407,0.41611820459365845,0.923733115196228,-0.12864023447036743,0.988097608089447,0.512520432472229,0.9410240054130554,-0.16906613111495972,0.9383871555328369,0.43520650267601013,0.9467911124229431,-0.10775812715291977,0.9470474720001221,0.5525809526443481,0.9838413596153259,-0.2547900974750519,0.9589494466781616,0.3904590606689453,0.9833565950393677,-0.19779904186725616,0.9758397936820984,34.19793101107807,35.09815944506726,78.29218576041215,55.66122807416844,36.83221168841044,102.59546874139747,56.720593247904944,36.19002119044753,101.64468999647606,90.2263530070934,168.35304849444472,79.63066977483332,88.46792403354613,169.5156148463249,105.69562077425958,51.05189945857319,136.81502145318726,76.83995172844993,47.66882999769896,134.6950665586186,593
0.5150562524795532,0.7757628560066223,0.0005114434170536697,0.9998210072517395,0.43338656425476074,0.7762571573257446,-0.0002018933155341074,0.9998549818992615,0.587844729423523,0.7824652194976807,-0.37778589129447937,0.9927604794502258,0.36125048995018005,0.7696256637573242,-0.31586387753486633,0.9963451623916626,0.5315090417861938,0.9210511445999146,-0.19178363680839539,0.9684755206108093,0.41630181670188904,0.9236252903938293,-0.11907480657100677,0.9870268106460571,0.5125189423561096,0.9410350918769836,-0.17437222599983215,0.9374192357063293,0.43546971678733826,0.9467707276344299,-0.10192205011844635,0.9467429518699646,0.5544513463973999,0.9835720658302307,-0.2577613592147827,0.9554007053375244,0.3904469609260559,0.9833562970161438,-0.18093863129615784,0.97334885597229,35.91976862611302,36.91065503078168,77.57575753290376,52.99728845185368,39.728640577461725,103.65132339454405,54.50782856520875,38.80917360204759,102.86962821569927,91.17326774832345,167.075166845788,79.11044652792475,89.00326536210915,169.0638127152499,106.73391446396298,48.30368049259608,133.54579223526193,75.83418787599625,48.17023036996978,134.73218817481123,594
0.5154178142547607,0.7808500528335571,0.0012104515917599201,0.9997987747192383,0.43383583426475525,0.780583918094635,-0.0008419896475970745,0.9998406767845154,0.5881989598274231,0.7819364666938782,-0.3783259093761444,0.9918503761291504,0.3619304895401001,0.7678943872451782,-0.3268834054470062,0.9958087205886841,0.5322448015213013,0.9211623668670654,-0.20517006516456604,0.9659961462020874,0.41625380516052246,0.923504114151001,-0.12838342785835266,0.9851630330085754,0.5136691927909851,0.941787838935852,-0.1901915818452835,0.9364222884178162,0.43533310294151306,0.9465749263763428,-0.11143012344837189,0.9452221989631653,0.5567692518234253,0.9835756421089172,-0.27942413091659546,0.9512504935264587,0.3904074728488922,0.9834430813789368,-0.19415505230426788,0.9688618779182434,35.01708100470176,38.141448221884744,77.84543123411635,52.90618135354238,39.70366804407203,104.13511638352217,52.580573641649806,40.910728017576176,102.42783879274228,92.17657493519756,167.37697798523237,79.14459831277438,89.83892745411336,169.14337430021007,106.19607034585333,49.69608340029327,135.21751115656446,75.81134279781482,51.405516545397425,137.9148817049292,595
0.5159432888031006,0.7832680344581604,0.0018310733139514923,0.9997626543045044,0.434926837682724,0.7833825945854187,-0.0014042881084606051,0.9998175501823425,0.5883482694625854,0.7819273471832275,-0.3803808093070984,0.9913468360900879,0.3619067072868347,0.7665832042694092,-0.32955583930015564,0.9952690601348877,0.5352730751037598,0.9207330346107483,-0.21590137481689453,0.964346706867218,0.4163748621940613,0.9220686554908752,-0.14088638126850128,0.9835725426673889,0.5178095102310181,0.9410931468009949,-0.20183655619621277,0.9364750981330872,0.43532878160476685,0.9455588459968567,-0.12488313019275665,0.9446857571601868,0.5632901191711426,0.9805849194526672,-0.2932242453098297,0.9479554295539856,0.38978642225265503,0.983369767665863,-0.21259860694408417,0.964930534362793,35.65931676033385,39.12649605174838,77.44023829819976,51.628514204860906,41.12809171537216,103.85311535089386,51.230978341802626,42.09775114563472,102.52915123143036,92.86079188539306,167.1380044551439,79.27324746083774,90.1974641107257,169.2713869319054,105.73940027036944,51.28768561997583,137.02299437879677,74.01144342966282,53.9546919407701,139.48079117989894,596
0.5163626670837402,0.7850791811943054,0.0023955735377967358,0.9997435212135315,0.4356023669242859,0.7847940921783447,-0.001933301449753344,0.9998042583465576,0.5882447361946106,0.7819196581840515,-0.3724173605442047,0.9912940859794617,0.36191636323928833,0.76679927110672,-0.3133952021598816,0.995053768157959,0.535403847694397,0.9205646514892578,-0.20944030582904816,0.9646709561347961,0.4163874089717865,0.9204416871070862,-0.12804168462753296,0.9832313656806946,0.5178030133247375,0.9410995841026306,-0.19234810769557953,0.9383663535118103,0.43524545431137085,0.9436853528022766,-0.11527492105960846,0.9460411071777344,0.5649051666259766,0.9797667860984802,-0.2876817584037781,0.9477128982543945,0.3897933065891266,0.9826706647872925,-0.19469186663627625,0.9637236595153809,35.38757895469603,39.05297250628224,77.25130284649946,51.505300234788585,41.33060272376925,103.8717892513056,51.019116401172006,42.314506760095774,103.28899836986683,93.21797252530298,166.31298693326985,79.14394305237818,90.4743253698597,169.13333383819733,106.25933390871845,49.06874819850878,134.56354538631638,73.2650172187989,54.70139665389488,139.78876785299084,597
0.5165186524391174,0.7854745388031006,0.0024315440095961094,0.9997237920761108,0.4360075891017914,0.7854281067848206,-0.001977786887437105,0.9997913241386414,0.5885310769081116,0.7821148037910461,-0.3561285138130188,0.9914163947105408,0.3605375289916992,0.7669457793235779,-0.2824995815753937,0.9950414896011353,0.5353399515151978,0.9199416637420654,-0.18152287602424622,0.965688169002533,0.4164288640022278,0.9190247058868408,-0.08796892315149307,0.9835016131401062,0.5176727771759033,0.9405820369720459,-0.16585764288902283,0.94073086977005,0.435258150100708,0.9414945840835571,-0.07150457054376602,0.9482288956642151,0.5649117231369019,0.9798390865325928,-0.2470492124557495,0.9486804008483887,0.38974085450172424,0.9825726747512817,-0.1433212012052536,0.9641332626342773,33.29186272342418,36.89341045962498,77.24586632555821,53.07968875060886,39.79084817639876,103.44785953858957,52.943533736095304,40.23472513246397,105.02690423143423,93.64043634823571,164.51808468756138,78.64440261736051,90.52634045610047,168.63188597989173,107.57189676007154,44.03852011262292,128.76742628607403,71.57704574975097,50.19961113522212,134.44869285059858,598
0.5166587829589844,0.7863187193870544,0.0026389670092612505,0.9997138381004333,0.43616294860839844,0.7863291501998901,-0.002197421155869961,0.9997863173484802,0.588470995426178,0.7824870944023132,-0.3555704951286316,0.9914882183074951,0.36064642667770386,0.7678285241127014,-0.2853258550167084,0.9950489401817322,0.5352060198783875,0.9198824167251587,-0.1757219284772873,0.9667423963546753,0.41638654470443726,0.9190326929092407,-0.08243163675069809,0.9837915897369385,0.5165877342224121,0.9406108856201172,-0.159881129860878,0.9427480101585388,0.4350907802581787,0.9413745403289795,-0.0645073726773262,0.9499390721321106,0.5644175410270691,0.9798517227172852,-0.24470257759094238,0.9499167203903198,0.3897385001182556,0.982353150844574,-0.14113089442253113,0.9646520018577576,32.09123579575232,35.942395984539274,77.57713451879677,54.298540969205604,38.45876095025933,103.24340965246955,53.77722648010575,39.32946384533221,104.90399990892189,93.61265326866568,164.64455970417708,78.66450662701972,90.60089173194635,168.64816850718645,107.15183092720457,45.5131180843083,130.51180419554436,72.27675783961863,51.321268473803585,135.96060811213934,599
0.5167306661605835,0.7866352200508118,0.0027908761985599995,0.9996949434280396,0.4365141987800598,0.7870107889175415,-0.0023505608551204205,0.9997795820236206,0.588469922542572,0.7824983596801758,-0.35979709029197693,0.9914844036102295,0.36069583892822266,0.7679359316825867,-0.2959896922111511,0.9949787855148315,0.534793496131897,0.919633686542511,-0.17683830857276917,0.9673635363578796,0.41636499762535095,0.9189492464065552,-0.09268856793642044,0.9838232398033142,0.5152238607406616,0.9405324459075928,-0.16080217063426971,0.9439756274223328,0.4351130425930023,0.9413662552833557,-0.07427234947681427,0.9510226845741272,0.5635013580322266,0.9799050688743591,-0.2477547824382782,0.9503644704818726,0.3897142708301544,0.9820830225944519,-0.1552819162607193,0.964562714099884,32.029349060352345,35.410009719828395,77.60254975887773,54.38096785579343,38.36760846592521,103.21127397975319,54.27523930648363,38.83104710513154,104.44853197318177,93.59901398130444,165.09094377078168,78.80908769801167,90.64124456599592,168.79025600437976,106.68725848035696,47.138138507161,132.40837191178653,72.8571624512702,51.76926520129474,136.72961763027254,600
0.5165602564811707,0.786659300327301,0.002965576248243451,0.9996835589408875,0.4364939332008362,0.7867245078086853,-0.002530257450416684,0.9997748732566833,0.588504433631897,0.7826310396194458,-0.3607146441936493,0.9914499521255493,0.3607604205608368,0.7684324979782104,-0.2931487262248993,0.9949173927307129,0.5338554978370667,0.9198793172836304,-0.17985501885414124,0.9678516387939453,0.41618579626083374,0.9189087748527527,-0.09418262541294098,0.9838550686836243,0.5137161016464233,0.9420085549354553,-0.16558082401752472,0.9451585412025452,0.43508949875831604,0.9413167834281921,-0.07647906988859177,0.9520615935325623,0.5627675652503967,0.9805406332015991,-0.2539285123348236,0.9508283734321594,0.38935521245002747,0.9819174408912659,-0.15810930728912354,0.9646192789077759,32.60186952725441,35.75665058408069,77.47345231177457,53.924734715989445,38.86751399903703,103.5337305094633,54.00428064381681,39.2423245915417,104.57848933864304,93.48543887261222,164.99259392010185,78.81074260060299,90.62254062303238,168.7929901162461,106.64232010597196,47.73429208639887,133.02903097513916,73.19691703921681,52.66063692040228,137.78589420747312,601
0.516454815864563,0.7864089608192444,0.0033282339572906494,0.9996716380119324,0.4363957941532135,0.7862101793289185,-0.00290485518053174,0.9997721910476685,0.5884785652160645,0.782621443271637,-0.36058518290519714,0.9911906719207764,0.3609829545021057,0.7684923410415649,-0.2982197105884552,0.99466872215271,0.5328381657600403,0.9198828339576721,-0.17899462580680847,0.9678870439529419,0.41594821214675903,0.91874760389328,-0.09534769505262375,0.9833874106407166,0.5125761032104492,0.9422996044158936,-0.16424766182899475,0.9453545808792114,0.4349440038204193,0.9412603378295898,-0.07698732614517212,0.9518214464187622,0.5621286034584045,0.9806948900222778,-0.2550121545791626,0.9504351615905762,0.38921040296554565,0.9816781878471375,-0.16403907537460327,0.9637556672096252,32.24207575855727,35.686682407425025,77.71709692035134,54.44025818980255,38.26076202690435,103.73562565084885,54.14365009441507,39.20156484869053,104.30048555281022,93.3269157330519,165.30148178617898,78.8055978783988,90.58495276203675,168.7899297742743,106.01400309589476,49.51131163542931,135.13216499629934,73.25442423748285,53.25946786020349,138.3970945180019,602
0.5164539217948914,0.7855908870697021,0.0035769075620919466,0.9996569156646729,0.43636852502822876,0.7852994799613953,-0.003167802467942238,0.9997670650482178,0.5884531736373901,0.7823175191879272,-0.36238694190979004,0.9910851120948792,0.3618629276752472,0.7685319185256958,-0.30708715319633484,0.9945890307426453,0.5322486162185669,0.9198910593986511,-0.16771814227104187,0.9684267044067383,0.4159383773803711,0.9177637100219727,-0.09532462805509567,0.9833566546440125,0.5119883418083191,0.9428146481513977,-0.15144024789333344,0.9461270570755005,0.43483471870422363,0.9402680993080139,-0.07658588886260986,0.9523202776908875,0.5600292086601257,0.9817838072776794,-0.2496924102306366,0.9507496356964111,0.38918688893318176,0.9813386797904968,-0.16533628106117249,0.9637205004692078,31.262327727191067,33.99324931884301,78.20965801198625,55.67464729200288,36.85347370411592,103.2670342761521,55.82455775844302,37.35839637360418,103.75424603600074,93.06722759154141,165.89471421346576,78.8702856540163,90.50283067965417,168.85864216420234,105.79494600461607,49.69375666262344,135.42773783733804,74.8657931211045,54.43222862663233,140.38899682311717,603
0.5164836049079895,0.7859643697738647,0.0036441576667129993,0.9996371865272522,0.4363357424736023,0.7855251431465149,-0.0032363925129175186,0.9997586011886597,0.5884033441543579,0.7798753380775452,-0.3634406328201294,0.9909461140632629,0.3624628186225891,0.767464280128479,-0.3087303936481476,0.9944151639938354,0.5318714380264282,0.919978678226471,-0.17959927022457123,0.9687451720237732,0.41594618558883667,0.9174826145172119,-0.1064206138253212,0.9832601547241211,0.511763870716095,0.9433572888374329,-0.16461902856826782,0.9468294382095337,0.4348007142543793,0.9401983618736267,-0.08894269168376923,0.9530541896820068,0.5596277117729187,0.9822334051132202,-0.265653520822525,0.9507631659507751,0.38904762268066406,0.9812948703765869,-0.18135415017604828,0.9635749459266663,32.36739554834252,35.57750200737749,78.01124715636385,54.36328071280896,38.211346279322875,103.7434127301978,53.929411769680954,39.412986656350334,103.5711840075722,93.28882628275615,166.0211055219528,78.91643234032131,90.93258168936734,168.87627466657258,105.28545350335146,51.287502882792005,137.2574367984377,75.35448096637258,55.45229760461437,141.61788783688513,604
0.5167151093482971,0.7860803008079529,0.003656697226688266,0.9996280670166016,0.43640947341918945,0.7858322262763977,-0.0032509961165487766,0.9997543692588806,0.5880910158157349,0.7794234156608582,-0.3640922009944916,0.9909346103668213,0.3624386489391327,0.7675282955169678,-0.304532915353775,0.9943735599517822,0.5318134427070618,0.9199804067611694,-0.1797725111246109,0.9690378904342651,0.4159553050994873,0.9174354076385498,-0.09898911416530609,0.9833498597145081,0.5117164850234985,0.9431464076042175,-0.16447611153125763,0.9475652575492859,0.4347762167453766,0.9401293396949768,-0.08119869977235794,0.954041600227356,0.5593799352645874,0.982310950756073,-0.26538515090942383,0.9510210752487183,0.38900527358055115,0.9811919927597046,-0.17101015150547028,0.9638630747795105,31.846034398148237,35.524452358663474,78.12032822103511,54.78598137844561,37.75425129842256,103.64666780816555,53.895475787603,39.400550211047296,103.76999964544801,93.37660617593775,165.8061180336397,79.01785578390542,91.01804479953276,168.96959939720693,105.65201275849243,50.33774786315857,136.13672227840576,75.40920068404681,55.2775113117098,141.4774920362182,605
0.5167752504348755,0.7862606644630432,0.0036421578843146563,0.999614417552948,0.43637552857398987,0.7857017517089844,-0.00323726749047637,0.9997485876083374,0.5876778364181519,0.7792656421661377,-0.36342883110046387,0.9908100366592407,0.3624327778816223,0.7675504088401794,-0.2997046411037445,0.9942957758903503,0.5315451622009277,0.9199840426445007,-0.17424501478672028,0.9690524339675903,0.41594237089157104,0.9170807600021362,-0.0936228334903717,0.9832648038864136,0.5115090608596802,0.9431357979774475,-0.15805694460868835,0.9478799700737,0.43471765518188477,0.9392251968383789,-0.07580353319644928,0.9547022581100464,0.5569238066673279,0.9823485612869263,-0.253496915102005,0.9506937861442566,0.3889007866382599,0.9811261296272278,-0.1618066132068634,0.9636625051498413,31.684763733716352,34.81139986180157,78.13152596777651,54.91966244814046,37.619523384512775,103.39125384791274,54.50766231741161,38.68822159255361,103.97942530301057,93.39969426680895,165.5967075808645,79.06945235816424,91.07190609765979,169.01572860770176,106.1231469536835,48.874383511736,134.44396522044872,75.87460163810157,53.15110358787453,139.64953605434263,606
0.51662677526474,0.7862147092819214,0.00391455227509141,0.9996062517166138,0.43622952699661255,0.7854651212692261,-0.003524741856381297,0.999744713306427,0.5876671075820923,0.7790803909301758,-0.36364734172821045,0.9907304048538208,0.36256828904151917,0.7683660387992859,-0.300588995218277,0.9941996932029724,0.5313672423362732,0.9198381900787354,-0.16837665438652039,0.969215989112854,0.4157707095146179,0.9170767068862915,-0.09497348964214325,0.9831817150115967,0.5113562345504761,0.9429651498794556,-0.15122154355049133,0.9481545090675354,0.43439173698425293,0.9392167925834656,-0.07715538889169693,0.9550793170928955,0.5559869408607483,0.982391893863678,-0.2450036108493805,0.9507593512535095,0.3887085020542145,0.98111492395401,-0.16317030787467957,0.9636744260787964,31.80609352244062,33.956631014686074,78.15893733332274,55.00077903757809,37.52922157040895,103.16408256704037,55.292705542125425,37.824193652796446,103.90427879588597,93.19769207774183,165.71827739193606,79.06307573288485,91.09176297658918,169.00737892393127,106.13405027757001,48.88518587640227,134.44885025360878,76.02355223858538,52.14527792494351,138.7397815791813,607
0.5165866613388062,0.7861382365226746,0.00439453637227416,0.9995917081832886,0.43624383211135864,0.7857732772827148,-0.004024864174425602,0.9997360110282898,0.5876571536064148,0.7787435054779053,-0.3641318678855896,0.9906968474388123,0.36253976821899414,0.7683794498443604,-0.3022371530532837,0.9940510392189026,0.531353771686554,0.9197997450828552,-0.1678258329629898,0.9694399237632751,0.41576990485191345,0.9168126583099365,-0.09224099665880203,0.9829171299934387,0.5113598108291626,0.9425726532936096,-0.15049071609973907,0.9482726454734802,0.4343494772911072,0.9387588500976562,-0.07359578460454941,0.9548805952072144,0.5555008053779602,0.9824275970458984,-0.24491262435913086,0.9508430361747742,0.3886515498161316,0.9809672832489014,-0.16016240417957306,0.9632799029350281,31.17851456060228,33.839284164082436,78.30533106733213,55.58229054315914,36.903413696480534,103.11152867422997,55.36698355636738,37.728397847699455,103.85996997263156,93.2408113116682,165.75136895182132,79.0866299311092,91.1287318612943,169.02698616591678,106.18556675637217,48.74247966181511,134.27982220343813,76.3352722898811,52.214063290243644,138.95295346547516,608
0.5165693759918213,0.7861321568489075,0.00449061905965209,0.9995719194412231,0.43622875213623047,0.7858496904373169,-0.004120896570384502,0.9997238516807556,0.5876556634902954,0.7769416570663452,-0.3628263473510742,0.9906386137008667,0.36276623606681824,0.7682449221611023,-0.3022133708000183,0.9938098788261414,0.5313538312911987,0.9196357131004333,-0.16786476969718933,0.969851553440094,0.4157690405845642,0.9166427254676819,-0.09237592667341232,0.9827072620391846,0.5113626718521118,0.9425628185272217,-0.1511124074459076,0.9488091468811035,0.43436846137046814,0.9386209845542908,-0.07410304993391037,0.9552276730537415,0.555543065071106,0.9823521375656128,-0.24583065509796143,0.951002836227417,0.388627827167511,0.980901300907135,-0.1607876569032669,0.9629076719284058,31.15684424511192,34.046714451582645,78.34729611744783,55.56279739401689,36.905027432637745,103.11782623730537,54.88608745477697,38.19639505847128,103.82106234910879,93.28188548199792,165.77949778474752,79.05038177418929,91.40717842811424,168.95810923199934,106.12844494420327,48.876096991786255,134.4428356251305,76.40966114446015,52.46559421972111,139.23319623076844,609
0.5168701410293579,0.7861087322235107,0.00447313766926527,0.9995478391647339,0.4365973472595215,0.7859970927238464,-0.004105512984097004,0.9997116923332214,0.5876508951187134,0.7767638564109802,-0.3632173538208008,0.9906015992164612,0.36292120814323425,0.7679612636566162,-0.30256187915802,0.9936238527297974,0.5313432216644287,0.9196335077285767,-0.16585829854011536,0.9700161814689636,0.41576868295669556,0.916621744632721,-0.0927361473441124,0.9825452566146851,0.5113603472709656,0.9425007700920105,-0.14886979758739471,0.9489498138427734,0.4343908727169037,0.9386350512504578,-0.07457280904054642,0.9556169509887695,0.5548035502433777,0.9822803139686584,-0.24337832629680634,0.9508140683174133,0.3884989619255066,0.9808973073959351,-0.1612846851348877,0.9626531600952148,31.133938921308555,33.74029942538365,78.38676644509644,55.509425314296905,36.94064602450826,103.01296071085018,55.15709539463309,37.88651881030464,103.84237001059641,93.3576485349236,165.7403818756886,79.10723080730574,91.42962586185095,169.01153528079826,106.1826152060421,48.93584153330826,134.4730762728776,76.75473063542921,52.278351965561065,139.20761711266226,610
0.5169960260391235,0.7859631180763245,0.004501084331423044,0.9995330572128296,0.436695396900177,0.7859415411949158,-0.0041382694616913795,0.9997051954269409,0.5876356363296509,0.7763167023658752,-0.358722984790802,0.9904240965843201,0.3630591034889221,0.7681025266647339,-0.2917850613594055,0.9934410452842712,0.5314154028892517,0.9196603298187256,-0.15836575627326965,0.9699335694313049,0.41590818762779236,0.9164040684700012,-0.07474150508642197,0.9822344183921814,0.5115149021148682,0.9425983428955078,-0.1413903534412384,0.9487044215202332,0.43452581763267517,0.9386131763458252,-0.056141484528779984,0.9554820656776428,0.554839015007019,0.9827747344970703,-0.23603610694408417,0.9503353834152222,0.38847845792770386,0.9806634783744812,-0.1403820812702179,0.9619747400283813,30.14788297404614,33.35287736522747,78.63247654593681,56.420504679723535,35.95600523642132,102.85526039332986,55.43953767238891,37.542251091003045,104.33269765837636,93.43818021038074,165.2434372251799,78.99831205092713,91.49332433953572,168.8949135332471,106.62609775230791,47.90959125809425,133.21277449985567,76.8271694618787,52.117631697448026,139.08286916218216,611
0.5170868635177612,0.7855936884880066,0.004505095072090626,0.9995173215866089,0.43684300780296326,0.7859125137329102,-0.004143660422414541,0.9997000098228455,0.5876299142837524,0.7763280272483826,-0.35934123396873474,0.9904060959815979,0.3632698953151703,0.7680176496505737,-0.29209786653518677,0.993431031703949,0.5318523645401001,0.9196253418922424,-0.15986740589141846,0.9697811007499695,0.4159398674964905,0.9164103269577026,-0.08336140215396881,0.9822361469268799,0.5120404958724976,0.9424418807029724,-0.14265914261341095,0.9484418034553528,0.43455496430397034,0.9386184811592102,-0.06518199294805527,0.9557089805603027,0.5560215711593628,0.9827784299850464,-0.23507936298847198,0.949948251247406,0.3885335326194763,0.9806728959083557,-0.14780449867248535,0.9618972539901733,31.1334077371092,33.526584243579,78.37884493068124,55.42134568355908,37.02949306920496,102.79478372932407,55.323029016920515,37.6278664549687,104.30613683495805,93.44565176284519,165.2674789754081,79.03101480371751,91.43211437977065,168.93561628892235,106.75912832131303,47.45863028507514,132.6892482509542,76.17437231958438,51.36091923628246,138.04258751481706,612
0.5174053907394409,0.7832918763160706,0.004485195968300104,0.999500572681427,0.43754762411117554,0.7846744656562805,-0.004128160886466503,0.9996936321258545,0.5874630212783813,0.775611937046051,-0.35988372564315796,0.9903802275657654,0.3637847602367401,0.7668923735618591,-0.2938137948513031,0.9933613538742065,0.5318588018417358,0.9194201827049255,-0.16089972853660583,0.9690563678741455,0.4165574014186859,0.9164360165596008,-0.0855749100446701,0.981909990310669,0.5120195150375366,0.9422507882118225,-0.14339110255241394,0.9475534558296204,0.43554073572158813,0.9387185573577881,-0.0671733096241951,0.9551241397857666,0.5557529926300049,0.9829328060150146,-0.23398494720458984,0.9488067626953125,0.38868576288223267,0.9807087182998657,-0.1494903266429901,0.9610742330551147,31.43867015757508,33.94171419404979,78.36848478720543,55.15710574111139,37.29068200737062,102.76128809492154,55.16025980339056,37.77050141120782,104.25994129738027,93.4042819655508,165.3225105018467,79.11885119570474,91.1857533619934,169.05286330479342,107.09202989053969,47.331322516741864,132.37578406268184,76.13784297403733,50.44337269780194,137.12373804168553,613
0.5178000926971436,0.7746860980987549,0.00448087602853775,0.9995139241218567,0.4375835955142975,0.7753902673721313,-0.004123709164559841,0.9997040033340454,0.5861014127731323,0.7756413817405701,-0.36029595136642456,0.9902975559234619,0.36488062143325806,0.76705402135849,-0.29856595396995544,0.9932990074157715,0.5318685173988342,0.9193853139877319,-0.14624977111816406,0.9683374762535095,0.41655880212783813,0.9166171550750732,-0.08557231724262238,0.981701135635376,0.5120202898979187,0.9421522617340088,-0.12706394493579865,0.9468671083450317,0.4355970323085785,0.938981294631958,-0.0670304149389267,0.9550913572311401,0.5548375248908997,0.9829214811325073,-0.21588778495788574,0.9474403262138367,0.38870349526405334,0.9807212352752686,-0.1503976583480835,0.9605438709259033,32.735754651553556,33.384808698023555,78.76923211486783,55.690498750843894,36.60980274592401,101.87847998557241,56.93646620353672,35.669378772571775,103.86456270514586,91.57446313065002,166.04275989864357,79.39469498850161,89.85251625786259,169.39364573845413,106.98986219645695,47.743362998938764,132.8450952216125,76.30622440722547,49.09229245830653,135.86753305826267,614
0.51787930727005,0.7644746899604797,0.00442467350512743,0.9995286464691162,0.4374570846557617,0.7641416192054749,-0.004066385328769684,0.9997158646583557,0.5845235586166382,0.7759125828742981,-0.35736924409866333,0.9901551008224487,0.36490705609321594,0.7675466537475586,-0.31429222226142883,0.9933866858482361,0.5318751931190491,0.9194651246070862,-0.13945312798023224,0.9667320847511292,0.416558176279068,0.9167574048042297,-0.0978771448135376,0.9815429449081421,0.5119137167930603,0.9421452879905701,-0.12049803882837296,0.9456993341445923,0.4358590245246887,0.939012348651886,-0.07955819368362427,0.9551862478256226,0.5556268692016602,0.9825487732887268,-0.20454883575439453,0.9448198676109314,0.3886345326900482,0.9805627465248108,-0.15899154543876648,0.9599989056587219,34.46019117225909,34.541743204625256,78.88351172315065,56.15301164171871,36.1147094781985,101.40668155204081,57.367412089975105,35.05571601570885,103.1619790482735,89.3876680128727,166.82327176474567,79.56792792679593,88.2191733921639,169.41365537520912,107.53912073738046,46.48072487041883,131.26613011722617,75.31732368068171,47.68580538428056,134.00071716072472,615
0.5179985165596008,0.7504511475563049,0.004610688425600529,0.9995510578155518,0.437131404876709,0.7519616484642029,-0.004276663064956665,0.9997297525405884,0.5833308100700378,0.7783087491989136,-0.37044504284858704,0.9898690581321716,0.36443644762039185,0.7687875628471375,-0.3399522602558136,0.9932917356491089,0.5319780111312866,0.919006884098053,-0.13332228362560272,0.9640249609947205,0.4165407121181488,0.9164792895317078,-0.0984421968460083,0.9807526469230652,0.5120838284492493,0.9386546015739441,-0.11267539113759995,0.9413623213768005,0.435854971408844,0.9379681348800659,-0.0793289765715599,0.9526534080505371,0.5539182424545288,0.9824557900428772,-0.20583057403564453,0.9405580163002014,0.38863614201545715,0.9802436828613281,-0.1640102118253708,0.9582323431968689,33.67486731374744,34.36805203582698,79.57111764964424,59.129830979428064,32.96239729100828,100.55033012681544,59.89002808193041,32.27823660466675,102.20459354672592,87.19532885528608,167.46757618600716,80.14520539066373,85.81489640971166,169.2769765029559,106.96689373503433,48.17695541994877,133.2902169705578,77.17163082010143,50.0520209370398,137.2034867297947,616
0.517707884311676,0.7324314117431641,0.005004738923162222,0.9995883703231812,0.43378862738609314,0.7329767942428589,-0.004713785834610462,0.9997512698173523,0.5826278924942017,0.7802940011024475,-0.37930214405059814,0.9889318943023682,0.36464473605155945,0.7740463614463806,-0.3739297389984131,0.993000864982605,0.5318868160247803,0.918272078037262,-0.10765881836414337,0.9601150155067444,0.41531991958618164,0.9164819717407227,-0.08997023105621338,0.9788587689399719,0.5118672251701355,0.9369992017745972,-0.0850348100066185,0.9340489506721497,0.43461260199546814,0.9379169940948486,-0.06657883524894714,0.9459298253059387,0.553724467754364,0.9804684519767761,-0.1900765597820282,0.9338582754135132,0.3876819610595703,0.9803243279457092,-0.163419708609581,0.9545785188674927,32.52337017215481,33.5478993099213,80.9367535957226,63.71966809150106,28.031082709202575,99.45529306004634,63.46693560076141,28.42207231358687,100.54349100157701,83.76041578573233,167.71196828267387,80.48384597811608,82.99897205272352,168.14709918006977,105.85444998655869,50.87116509685053,136.55462923551016,78.05806287046649,53.890160172489274,141.34676960066807,617
0.516910195350647,0.7164000868797302,0.005005978979170322,0.9996230602264404,0.4291045665740967,0.7147330641746521,-0.0047231013886630535,0.9997701048851013,0.5817553400993347,0.7833639979362488,-0.3849281072616577,0.9889228343963623,0.3642548620700836,0.7749249339103699,-0.3907848596572876,0.9931347370147705,0.5318784713745117,0.918643593788147,-0.11849119514226913,0.9594276547431946,0.41444364190101624,0.9197526574134827,-0.11444462835788727,0.9786890745162964,0.5120465755462646,0.9360535740852356,-0.095961794257164,0.9291375875473022,0.4326893389225006,0.940075695514679,-0.08996782451868057,0.9411419630050659,0.5524146556854248,0.9806339740753174,-0.19503465294837952,0.9321787357330322,0.3873059153556824,0.9825258851051331,-0.18539653718471527,0.9541182518005371,36.02693340890566,36.15475794041401,80.86137172060202,62.72181374204274,29.015791400629766,99.47625884519564,63.47774538308834,28.419877706643494,99.42361244451985,81.2587509823244,167.09166336462224,80.69206716906173,80.38509721286486,166.55555328052293,105.98491345898456,50.431450876806146,136.05409752213083,78.22283370436097,51.96718257240805,139.530669308843,618
0.5156652927398682,0.6958516836166382,0.005739435087889433,0.9996557831764221,0.42730817198753357,0.6931335926055908,-0.005526550579816103,0.9997878074645996,0.579673707485199,0.784136950969696,-0.3815977871417999,0.9891130328178406,0.3644050359725952,0.7780839204788208,-0.36671578884124756,0.9933519959449768,0.5310422778129578,0.9195810556411743,-0.1218341588973999,0.9604614973068237,0.41367870569229126,0.9198139905929565,-0.10989062488079071,0.9788658618927002,0.5112884640693665,0.9377570748329163,-0.09721199423074722,0.9272820353507996,0.43127480149269104,0.9400675296783447,-0.08713410794734955,0.9374048113822937,0.5520166158676147,0.9815734028816223,-0.21114297211170197,0.9336951375007629,0.3873271942138672,0.9824247360229492,-0.17973347008228302,0.9548375606536865,41.51291674111589,39.82693355251007,80.4646828035744,61.54364749614408,30.29576023329265,99.42534530959469,62.86446355609622,28.986632696426625,99.6218579802316,76.95429626078779,163.68757879653984,80.84715360068768,77.32622417509577,164.2764292634225,105.69206697043704,50.0121330874063,135.7953759744823,79.08019068314913,55.951169723602774,143.76648283915716,619
0.5143777132034302,0.6846448183059692,0.006103753577917814,0.9996806979179382,0.4254888892173767,0.6809889078140259,-0.005980507005006075,0.9998007416725159,0.5765408277511597,0.7840832471847534,-0.3701915740966797,0.9894816279411316,0.3633767366409302,0.7784096598625183,-0.34644344449043274,0.9936924576759338,0.5301307439804077,0.9192395806312561,-0.08638598024845123,0.9620935320854187,0.41318458318710327,0.9197563529014587,-0.07313726097345352,0.980103611946106,0.5083500146865845,0.9377986788749695,-0.06271351128816605,0.9293935894966125,0.43104690313339233,0.9408385157585144,-0.04990426450967789,0.9392775297164917,0.5500723719596863,0.9817880392074585,-0.1646280288696289,0.9367672204971313,0.3872125744819641,0.9830604195594788,-0.14568904042243958,0.9576430916786194,42.688387258628666,39.78596660812305,80.80500650664163,63.033309484277304,28.737869696489234,98.3985080392592,64.82713200050691,26.726286029901566,99.94821536674573,74.27830451495448,161.25527000219125,80.92563397583798,75.38700504904651,162.69069249598584,105.09545790915529,50.59736435337011,136.67682004712717,78.74093393298799,52.23656633196731,140.00105281930269,620
0.5144467353820801,0.6739843487739563,0.006108601577579975,0.9996774792671204,0.4260141849517822,0.6692016124725342,-0.0059967609122395515,0.9997803568840027,0.5757668614387512,0.7808650135993958,-0.3658236563205719,0.9890287518501282,0.35685858130455017,0.7746029496192932,-0.3301742374897003,0.9938124418258667,0.5295703411102295,0.9201509356498718,-0.06383565813302994,0.9628674387931824,0.4130939841270447,0.9192504286766052,-0.04184790700674057,0.9809718132019043,0.5079300403594971,0.9414051175117493,-0.03947799652814865,0.9296700358390808,0.4310198426246643,0.9408527612686157,-0.017457574605941772,0.940940260887146,0.5502141714096069,0.9868862628936768,-0.15435391664505005,0.938469648361206,0.38721591234207153,0.983021080493927,-0.12277747690677643,0.9597967267036438,43.866207547843956,40.34476110333535,80.11086614622054,63.78429798171776,28.291789000263,97.90841146998372,65.49051395335619,25.91681248894713,101.46810286101521,72.36038547601429,158.7503823264026,80.99598670595141,74.16993877690145,161.66986447912402,104.09862482575501,53.11028235662265,139.62265847525305,79.5982091700726,54.29135248887424,142.34167007832397,621
0.5146650075912476,0.6603171229362488,0.0062338621355593204,0.9996857643127441,0.426347017288208,0.6557681560516357,-0.006133954040706158,0.9997760653495789,0.5757943391799927,0.7759426236152649,-0.3480693995952606,0.9891474843025208,0.35535451769828796,0.7695913910865784,-0.31698814034461975,0.9941222667694092,0.5295977592468262,0.920956552028656,-0.032659370452165604,0.9645097851753235,0.4131229817867279,0.9194387793540955,-0.01843787543475628,0.9822012782096863,0.5083917379379272,0.9422661066055298,-0.007596625946462154,0.9313467144966125,0.43108153343200684,0.9415082931518555,0.0066137597896158695,0.9436935782432556,0.55030357837677,0.9883742928504944,-0.1266881376504898,0.941236138343811,0.3858204782009125,0.9840090274810791,-0.10295701026916504,0.962356686592102,45.91570927985236,42.312596489832075,80.18854825440744,63.76700343939392,28.276839848852294,97.58005265660596,65.53874989898837,25.75865790625461,102.10399368744093,70.35486655607772,156.65757464206294,80.68525091887281,72.17248795200662,159.7385095070875,104.39670130515792,53.98350585465563,140.32565474796013,79.85370997703026,54.9997355320492,143.12847075704957,622
0.5159479379653931,0.6513842940330505,0.0066093942150473595,0.9997034072875977,0.42666250467300415,0.6457233428955078,-0.006528980098664761,0.999789297580719,0.5749802589416504,0.773280680179596,-0.3514672517776489,0.9896625280380249,0.35608023405075073,0.7667233943939209,-0.33839431405067444,0.9945365786552429,0.5301572680473328,0.9209454655647278,-0.03234073519706726,0.9667308330535889,0.4141073226928711,0.9194141030311584,-0.023320036008954048,0.9835270643234253,0.5094402432441711,0.9426171183586121,-0.008228244259953499,0.9336264133453369,0.43169909715652466,0.9414975047111511,0.002922057406976819,0.946921706199646,0.5521194934844971,0.98985755443573,-0.14399363100528717,0.944660484790802,0.38553252816200256,0.9840257167816162,-0.1183522567152977,0.9650911092758179,45.136178468650954,43.20508172364782,80.58971576272656,64.51740377972855,27.40373041660043,97.26434548682398,65.38190645086134,25.80669887531939,101.29980808982351,70.37228347936188,157.1152021156955,81.12971842683518,71.43352316031557,159.28145689320633,103.96380920247293,56.93204350517864,143.37237195745558,80.49756855592892,58.80111748334757,147.06541374002657,623
0.5179635882377625,0.6357281804084778,0.006620969623327255,0.9997257590293884,0.42872557044029236,0.6325106024742126,-0.006563118193298578,0.9998050332069397,0.5733411908149719,0.7635959982872009,-0.3570503890514374,0.9901907444000244,0.3647385537624359,0.7633024454116821,-0.3443523645401001,0.9948574900627136,0.5301718711853027,0.9208881855010986,-0.10777485370635986,0.9684984683990479,0.4144952893257141,0.919465959072113,-0.04739733785390854,0.9844433665275574,0.5094829797744751,0.9438498020172119,-0.09165193140506744,0.9330511093139648,0.4319228529930115,0.9427277445793152,-0.024629946798086166,0.9474489688873291,0.5520271062850952,0.9897047281265259,-0.23848624527454376,0.9472827911376953,0.38490134477615356,0.9839920401573181,-0.1600939780473709,0.9670014381408691,48.25645876605355,51.050481515567604,81.56450441629215,62.58637599743359,28.895665968455358,98.33227025490912,58.1290139672923,33.197953138600134,100.01790175660236,69.17147875988462,156.68139264105264,81.82521974352,70.8327606058499,159.03515669728554,102.83775976038646,61.022814924519366,147.79272442286353,81.58411467878946,62.55856677508984,151.08418191575495,624
0.5193600058555603,0.6195803880691528,0.005993216298520565,0.9997475147247314,0.43093204498291016,0.6166699528694153,-0.005957852583378553,0.9998196959495544,0.570311963558197,0.760412335395813,-0.35036328434944153,0.9905751347541809,0.3711681067943573,0.7578528523445129,-0.33485397696495056,0.9951277375221252,0.5300182104110718,0.9208784699440002,-0.1067904382944107,0.97001713514328,0.4146522581577301,0.9191576242446899,-0.05138372629880905,0.9852537512779236,0.5091701745986938,0.946135401725769,-0.08961440622806549,0.9306734204292297,0.43195977807044983,0.9427425861358643,-0.029161348938941956,0.9468961358070374,0.5519627332687378,0.9895331859588623,-0.22787638008594513,0.9493772387504578,0.38492193818092346,0.9837601780891418,-0.15961283445358276,0.9685573577880859,52.27453576534366,54.40227158986262,82.40581865339689,60.644127916670506,30.512967059559735,97.86527511568346,56.977429476963316,34.18645570593624,99.47960126699131,67.10338953206968,155.00794661496369,82.42565143034193,68.6335242664687,157.2044906939621,103.27194335870732,60.07595980584951,146.69185143679076,81.04088826426946,60.84269585049999,149.2367194041464,625
0.5206940770149231,0.6114104390144348,0.00528407609090209,0.9997666478157043,0.4321308135986328,0.6059949398040771,-0.005341090727597475,0.9998325109481812,0.5683457255363464,0.7547714114189148,-0.3588290810585022,0.9911443591117859,0.3726150691509247,0.7538899779319763,-0.33927157521247864,0.9954126477241516,0.5299798250198364,0.919453501701355,-0.10606758296489716,0.9719538688659668,0.4146071970462799,0.9187870025634766,-0.053759317845106125,0.9862020015716553,0.5090542435646057,0.9460374116897583,-0.08800393342971802,0.930738627910614,0.43166667222976685,0.9426289200782776,-0.031025320291519165,0.9479915499687195,0.5501947402954102,0.9885275363922119,-0.22968652844429016,0.9524306654930115,0.3848980963230133,0.9829632639884949,-0.15828141570091248,0.9706010222434998,53.32806558426917,54.124936109354685,82.7418265175808,60.25631344635962,30.794131233218145,97.24772596279645,57.21225311245845,33.781683669795015,99.25559190445802,66.44180221146793,154.47982435710446,83.05717231420934,68.67445381106621,157.46611033148153,103.61611123335582,59.43378555878997,145.9178401394408,81.8757738305138,61.12583789050488,149.79192178215166,626
0.5229341983795166,0.5951365232467651,0.005372475367039442,0.999779999256134,0.43479403853416443,0.5922540426254272,-0.005449285730719566,0.9998424053192139,0.5675166845321655,0.7532482147216797,-0.28656497597694397,0.9915897250175476,0.3811797499656677,0.7512523531913757,-0.30171242356300354,0.9956673383712769,0.529838502407074,0.9198424816131592,-0.04005805402994156,0.9737723469734192,0.4151891767978668,0.919857382774353,-0.03074188157916069,0.987188994884491,0.5089606046676636,0.9458656311035156,-0.02381708100438118,0.9319085478782654,0.431685209274292,0.9435125589370728,-0.010093542747199535,0.9499121308326721,0.5502274632453918,0.9886811971664429,-0.17141729593276978,0.9554583430290222,0.3848723769187927,0.982952356338501,-0.14262309670448303,0.9727344512939453,59.60241732207952,61.90938159527862,83.91725271105642,58.30953554811126,32.40568679089675,97.21751744554106,56.25465771127831,34.71765996126158,99.0598826765069,62.161399918819725,150.47411069187368,82.35190734987489,61.83596111335158,150.6329890218822,103.28033096270305,61.43982092927946,147.967064127523,82.17198996443042,62.62268976526417,151.34108784961379,627
0.5236051082611084,0.5826749205589294,0.0035584233701229095,0.9997895359992981,0.4360637664794922,0.5780617594718933,-0.003654999192804098,0.9998485445976257,0.5660607218742371,0.7516664862632751,-0.18762987852096558,0.9918765425682068,0.3875994086265564,0.7448673248291016,-0.22804751992225647,0.9958239793777466,0.5294481515884399,0.9186519384384155,0.037995144724845886,0.9750562906265259,0.415516197681427,0.9198419451713562,0.0071418979205191135,0.9879505038261414,0.5083820223808289,0.9450617432594299,0.0532650463283062,0.9308058023452759,0.4316917061805725,0.9435195326805115,0.024487100541591644,0.9501152634620667,0.5500078797340393,0.9871245622634888,-0.08141054958105087,0.9576823711395264,0.3858438730239868,0.9823561906814575,-0.10160832107067108,0.9743309020996094,72.63368099513092,76.99988363564135,84.55989329986393,53.5434995704216,36.99374006444707,97.43139216330272,53.8501628996868,37.15056764914046,99.83363885704571,53.997433897290875,142.2563535265167,80.55352202111371,49.20967536098051,137.65494052389997,103.30868869120674,60.98855671986822,147.5310042028133,81.50468043989896,60.5279436007234,149.08945826985766,628
0.5243241190910339,0.5745505690574646,-0.000356472737621516,0.9997949004173279,0.43680843710899353,0.571928083896637,0.000308690796373412,0.999849796295166,0.5654895901679993,0.7420451045036316,-0.2084752321243286,0.9920857548713684,0.3898223042488098,0.7391268610954285,-0.20389854907989502,0.9959094524383545,0.5298482179641724,0.9151993989944458,0.007888234220445156,0.975918173789978,0.4166235029697418,0.9180219769477844,0.03247080743312836,0.9883702993392944,0.5085148215293884,0.9433717131614685,0.022161351516842842,0.9282156229019165,0.4317919611930847,0.942924439907074,0.04891817271709442,0.9487289786338806,0.5497421622276306,0.9817178845405579,-0.11902062594890594,0.9590039253234863,0.3890542984008789,0.9816859364509583,-0.08203836530447006,0.9750092625617981,75.76792012485217,76.6063493987088,84.8338425369365,53.055852530052725,37.426542712967866,97.32877471553542,51.70356359869784,39.25127255685739,100.09454120404116,51.412903308189534,139.61930905427465,81.24004364953593,51.708678048867164,140.3496599667164,101.88308068087296,61.60756613457281,148.78985059300032,82.09548097550558,62.623967878885786,151.31768674812474,629
0.5242343544960022,0.5701635479927063,-0.0004756396228913218,0.9997880458831787,0.43676871061325073,0.5650462508201599,0.00047361207543872297,0.9998418688774109,0.5642251372337341,0.7353480458259583,-0.17744863033294678,0.9921874403953552,0.3927532732486725,0.7360666394233704,-0.1741582602262497,0.9959233403205872,0.5304086804389954,0.910884439945221,0.008479611948132515,0.9755076766014099,0.41815701127052307,0.9166395664215088,0.02246587723493576,0.9881263375282288,0.509985089302063,0.9403434991836548,0.018771488219499588,0.9199795722961426,0.4322567880153656,0.9426206946372986,0.03474700450897217,0.943927526473999,0.5473292469978333,0.9783617854118347,-0.12943191826343536,0.957675576210022,0.3913191854953766,0.980311930179596,-0.09884746372699738,0.9739233255386353,86.06253221835047,85.23173892017972,84.56413934273093,47.67287532623019,42.84313838772033,97.53368624810895,47.11191843665073,43.87459546002722,100.2082162994474,46.480238664324666,134.6799697124418,80.61985863868354,47.6842412594624,136.15863834570482,101.08308314247331,62.86631152819277,150.3351469612038,83.71097906930835,64.0970105246414,153.2323236805919,630
0.5247244834899902,0.5616374611854553,-0.0012710706796497107,0.9997673630714417,0.4376011788845062,0.5558396577835083,0.0013233867939561605,0.9998239278793335,0.5638187527656555,0.7261005640029907,-0.209625244140625,0.9920584559440613,0.3960343599319458,0.7254923582077026,-0.22815771400928497,0.9957868456840515,0.5316175222396851,0.9107503890991211,-0.05186110734939575,0.9735283851623535,0.41954606771469116,0.9155853986740112,-0.08935388177633286,0.9870755672454834,0.5120618939399719,0.9393171072006226,-0.0510077066719532,0.9070172905921936,0.4322996735572815,0.9421061873435974,-0.08415456116199493,0.9349206686019897,0.5474329590797424,0.9754480719566345,-0.21627023816108704,0.9534013271331787,0.39453446865081787,0.9789491891860962,-0.23661144077777863,0.9712965488433838,89.51255656070819,86.71942928028966,84.2956476038918,36.52328707504065,54.070397382185966,97.55263191999158,41.08882523559035,49.91290366186964,98.28700563729498,53.96594691686852,142.72324612835504,81.62172300881754,52.19549691965312,140.94624784341212,98.86772766726794,67.01253163405221,155.17466327113712,84.88485230866047,68.6093150198781,157.94696574955864,631
0.5252490639686584,0.5522691011428833,-0.0012762862024828792,0.9997312426567078,0.4383586347103119,0.5470471978187561,0.0013299360871315002,0.9998006820678711,0.5611695647239685,0.7233020663261414,-0.135377436876297,0.9913890361785889,0.4007459580898285,0.7222654223442078,-0.20196731388568878,0.9954177141189575,0.5329968333244324,0.914903461933136,-0.01713738963007927,0.9711909890174866,0.420199453830719,0.9165670275688171,-0.06491093337535858,0.9859831929206848,0.5138775110244751,0.9439809322357178,-0.018679451197385788,0.8902773857116699,0.43237143754959106,0.9438392519950867,-0.05546645447611809,0.9248653650283813,0.547824501991272,0.9756430387496948,-0.20005273818969727,0.9490265250205994,0.39416754245758057,0.9789863228797913,-0.21045725047588348,0.9689237475395203,94.83568117096665,108.5507667758764,85.32280431369722,35.46795470683447,54.93611398303699,97.13232796139532,32.390639197355114,58.59385097629732,97.97769156145566,49.71875503389832,138.6033098409093,80.61524614004611,39.06648403672444,127.49995735494707,99.3346770959393,67.11233767016509,155.07741795315548,85.60076519899152,71.68658330381632,161.12879296084222,632
0.5258165597915649,0.5445849895477295,-0.0012933684047311544,0.9997100234031677,0.439192533493042,0.5405462980270386,0.0013487834949046373,0.9997849464416504,0.5580723285675049,0.7261089086532593,-0.14893536269664764,0.9903088808059692,0.40400344133377075,0.7194832563400269,-0.21067948639392853,0.9947298765182495,0.5329717397689819,0.9173697233200073,-0.004375707823783159,0.9676969051361084,0.4203672409057617,0.9178178906440735,-0.06140273064374924,0.983431339263916,0.5138074159622192,0.9451028108596802,-0.0021593314595520496,0.8684191703796387,0.4323703348636627,0.9443969130516052,-0.04450298100709915,0.9086239337921143,0.5475782155990601,0.9760229587554932,-0.1919349879026413,0.942794919013977,0.39447253942489624,0.9790697693824768,-0.20730283856391907,0.9636359810829163,92.68790743012843,102.74982584664093,86.22847135055449,37.13153590256409,53.126353442438216,95.97689539162405,37.49303353063964,53.15215663787977,97.22844280065308,50.221204261378816,139.30137726868028,82.15102583945995,39.778456331196615,128.6878442107227,99.29385047045739,67.54172180311487,155.49672293714173,85.74919202346834,72.68385843040815,162.13745831979926,633
0.5274263620376587,0.5415129065513611,-0.0016017478192225099,0.9997005462646484,0.44041362404823303,0.5388370752334595,0.0016367320204153657,0.9997816681861877,0.5559303760528564,0.7268145084381104,-0.08738185465335846,0.9900158047676086,0.40673431754112244,0.7201288938522339,-0.1345740407705307,0.9947463274002075,0.5329426527023315,0.9192546010017395,0.04846063628792763,0.967931866645813,0.42055001854896545,0.9180452227592468,0.019518248736858368,0.9836979508399963,0.5137699246406555,0.947361409664154,0.05045398324728012,0.8632921576499939,0.4325284957885742,0.944580078125,0.02463511750102043,0.9052950739860535,0.5526163578033447,0.9764156341552734,-0.13049744069576263,0.9438774585723877,0.39440953731536865,0.9791471362113953,-0.14726610481739044,0.9642339944839478,104.50731006773132,118.59119403460002,86.847328036434,38.014596726565884,52.1641249934924,95.573812969104,35.60004282284218,54.97292786264096,98.44804111916338,37.73846609778625,126.4531176032099,82.05324646159401,26.003578072293493,114.58599104279013,98.37195788701408,70.10307197271341,158.2741386019889,84.02163987776538,72.38549352955388,161.33505671559217,634
0.5280650854110718,0.5393720865249634,-0.005320293363183737,0.9996944069862366,0.4411359429359436,0.5362468957901001,0.005273112561553717,0.9997755289077759,0.552554190158844,0.7289760112762451,-0.06797409802675247,0.989533543586731,0.4088529050350189,0.721603512763977,-0.08041522651910782,0.9945481419563293,0.5326884984970093,0.9206294417381287,0.08513610810041428,0.9681819081306458,0.4205441474914551,0.9181913137435913,0.09526000916957855,0.9833148121833801,0.5137165784835815,0.9486523270606995,0.08835150301456451,0.8542443513870239,0.43260303139686584,0.9445406794548035,0.10099585354328156,0.8984147310256958,0.5506547093391418,0.9768375158309937,-0.09512723982334137,0.9444239139556885,0.3937031328678131,0.9791333079338074,-0.06516850739717484,0.9635043740272522,112.64672137606951,122.0288333938726,87.46090033348544,41.84759235449996,48.265565096928995,94.6299463588916,38.85448123569894,51.52816677006343,98.98362786342463,26.289809795016968,114.48608944318013,83.0083253807343,19.53421518965745,108.14518385053005,98.88925837565557,69.46091042050246,157.45752645516023,84.56476695938632,72.76226023746229,161.8740293120821,635
0.528481125831604,0.5329902768135071,-0.0057490067556500435,0.9996891617774963,0.44174104928970337,0.5299624800682068,0.005696715787053108,0.9997704029083252,0.5512053370475769,0.7289104461669922,-0.08636580407619476,0.9889073371887207,0.4106837809085846,0.7209509611129761,-0.10512405633926392,0.9941736459732056,0.5325912237167358,0.9219929575920105,0.06368546932935715,0.9674890637397766,0.42051824927330017,0.9185178875923157,0.06179042533040047,0.9822775721549988,0.5136995911598206,0.9505068063735962,0.06685282289981842,0.8417750000953674,0.4325985014438629,0.9448965191841125,0.06678526848554611,0.8867422342300415,0.550507664680481,0.9772242307662964,-0.11774124950170517,0.9433308243751526,0.3935891389846802,0.9790226817131042,-0.10328701883554459,0.9614490270614624,109.14723886484404,118.96970099966332,87.82242275066773,40.241755103755224,49.84214082256212,94.35302652757095,38.06422112198112,52.276286318712245,98.00615665741205,31.073327498373054,119.80086946638939,83.87777264516558,23.147315411008783,112.23168027888413,98.70809634473909,70.11281199380518,158.13998163168014,84.60314993838384,73.14561568103768,162.25303558347863,636
0.5293719172477722,0.5252101421356201,-0.005487751215696335,0.9996792078018188,0.44322100281715393,0.5215019583702087,0.0054436782374978065,0.9997591376304626,0.5506601333618164,0.7280467748641968,-0.08065566420555115,0.9880777597427368,0.4144057333469391,0.7176069617271423,-0.09081440418958664,0.9936754703521729,0.533161997795105,0.9225693345069885,0.06694124639034271,0.96584153175354,0.42103666067123413,0.9186198711395264,0.06314851343631744,0.9808744788169861,0.5152547359466553,0.9508792161941528,0.0701255053281784,0.8270349502563477,0.43268680572509766,0.9449604153633118,0.06665238738059998,0.8731914758682251,0.5532680153846741,0.9776211977005005,-0.11761610209941864,0.9410595893859863,0.39343270659446716,0.9789493083953857,-0.11099817603826523,0.9584340453147888,115.93409521636845,121.73559485014655,88.49985876118465,37.475415841517545,52.56525486546596,94.0988550061083,37.38267094056,52.92116141169733,97.51419490227319,27.12929242370915,115.90283609379831,84.37949084333215,21.064621078234772,110.23183000187551,98.51825826864554,71.11125349409227,159.14465001006255,84.04011998430501,73.48296875048241,162.38209375257873,637
0.5295282602310181,0.5218389630317688,-0.0052970643155276775,0.999662458896637,0.4433380961418152,0.5153710246086121,0.005259336903691292,0.9997490644454956,0.5507646203041077,0.725651204586029,-0.10190204530954361,0.9862533807754517,0.4159410893917084,0.7100225687026978,-0.1236792802810669,0.992993950843811,0.5330270528793335,0.9205090999603271,0.07045107334852219,0.9609643220901489,0.4209617078304291,0.9185914397239685,0.047263383865356445,0.9782654047012329,0.5152174830436707,0.9485991597175598,0.07583467662334442,0.8058885931968689,0.4322126805782318,0.944950520992279,0.05687595531344414,0.85490483045578,0.5527889132499695,0.9763196110725403,-0.11464390903711319,0.933635950088501,0.3934326767921448,0.9781316518783569,-0.15167976915836334,0.953117311000824,106.88787575322058,112.586015632691,88.93341450804103,39.35009392991245,50.67015259917638,93.90058969890299,41.6428052526504,48.62431114257651,96.69250536709295,34.10568204545665,123.26255276411234,84.62120409798298,25.88764555247553,115.24096421285377,97.55147983610539,73.48713709707023,161.75136075797155,84.16347681331938,73.31023620277041,162.2621930517189,638
0.5294203162193298,0.5153495073318481,-0.004619624465703964,0.9996674656867981,0.44318777322769165,0.5081286430358887,0.004560090135782957,0.9997496604919434,0.5509485006332397,0.7194080352783203,-0.11821667850017548,0.9844112396240234,0.4161117672920227,0.7050800919532776,-0.14846165478229523,0.992060124874115,0.5325739979743958,0.9201650619506836,0.05281878635287285,0.9574716091156006,0.42092031240463257,0.9183543920516968,0.026903215795755386,0.9759116768836975,0.5145180225372314,0.9481709003448486,0.0587160587310791,0.7914686799049377,0.43174728751182556,0.9446118474006653,0.03298621252179146,0.8382603526115417,0.5527238845825195,0.9764031171798706,-0.12297189235687256,0.9288293719291687,0.3946619927883148,0.9781163334846497,-0.1732768416404724,0.9489361643791199,102.53791311574977,109.93538617857793,89.00228959383595,39.43932729081887,50.57837796096159,93.98536513122053,40.59178003385469,49.68851257497121,96.19577016705252,38.274163258599025,127.58591259962323,84.73340052710803,29.535771675590205,118.96962275214578,97.16404002309073,73.51097283383382,161.93949037360449,83.76948517937694,72.36798783621468,161.23071025342978,639
0.5293164253234863,0.5091553330421448,-0.0023157428950071335,0.9996777772903442,0.4431145191192627,0.501733124256134,0.0022252292837947607,0.9997545480728149,0.5493341684341431,0.7166065573692322,-0.10276661813259125,0.9825446009635925,0.4175712466239929,0.7039433717727661,-0.1509844958782196,0.9910741448402405,0.5331872701644897,0.9196234345436096,0.04583730176091194,0.9552429914474487,0.42096152901649475,0.9183550477027893,0.014590348117053509,0.9741911888122559,0.5154787302017212,0.9480969905853271,0.05216830223798752,0.7817355394363403,0.43170085549354553,0.9446078538894653,0.016962487250566483,0.8225698471069336,0.5542389154434204,0.9764649868011475,-0.13834255933761597,0.9265530705451965,0.39487582445144653,0.9780391454696655,-0.18465575575828552,0.9462458491325378,105.01959796731404,117.42534669700049,89.28299019163289,37.682158244314536,52.327115368117326,93.67213115131578,36.363714159970556,53.882745793333854,95.7494009657198,37.52906731125041,126.93224760607774,85.03642889202554,26.277184338545656,115.73294041517106,97.14848900062195,73.45779352061703,161.896881086841,83.76706305566753,72.95323581158358,161.78333228606547,640
0.5283585786819458,0.5067327618598938,0.0016696875682100654,0.9996914267539978,0.4421555995941162,0.4991898238658905,-0.0017817227635532618,0.9997638463973999,0.5471645593643188,0.7146603465080261,-0.07989771664142609,0.9812529683113098,0.41748976707458496,0.7005946040153503,-0.13133832812309265,0.9907375574111938,0.5331670045852661,0.9189422726631165,0.050175972282886505,0.95457524061203,0.4205625653266907,0.9183571338653564,0.014433677308261395,0.9742609262466431,0.5154339075088501,0.9479625225067139,0.05291469767689705,0.7783790230751038,0.43041110038757324,0.944618284702301,0.015277626924216747,0.8147597908973694,0.5545250177383423,0.9765647649765015,-0.1372266709804535,0.9271743893623352,0.394803524017334,0.9776469469070435,-0.18251898884773254,0.9468343257904053,113.242221017714,125.53621605724693,89.32817948502404,33.804556611185276,56.20396327111921,93.30793438879631,32.63600235156584,57.57438340041639,95.88067902225407,33.21755101481936,122.55800111303164,85.18716191823447,21.928677250843883,111.34023082485032,97.13835251939214,73.37996542349842,161.8291524700129,83.78298270417022,73.01198548498344,161.84456732749092,641
0.5272639989852905,0.5042141079902649,0.003191151423379779,0.999703586101532,0.441028892993927,0.497287780046463,-0.003314086701720953,0.9997702836990356,0.542545735836029,0.7134571671485901,-0.07403721660375595,0.9798177480697632,0.4169505536556244,0.6995812058448792,-0.10383518040180206,0.9899144172668457,0.5331493616104126,0.9180374145507812,0.05342109128832817,0.9530157446861267,0.41993147134780884,0.9181832671165466,0.03162147104740143,0.973115861415863,0.5154901146888733,0.9476079344749451,0.05502862483263016,0.7721843719482422,0.4298155903816223,0.9444204568862915,0.03157583624124527,0.8007118701934814,0.5560452342033386,0.976312518119812,-0.1350564807653427,0.9266558289527893,0.3939145505428314,0.9773533344268799,-0.17650017142295837,0.9455102682113647,121.50767553757386,127.48772184073974,89.3358957059533,31.790613830301034,58.217981553203316,92.2324404620422,31.993608087359558,58.10321157303309,96.084317482577,27.065401364879826,116.26285559698464,86.08046789155318,20.61835440749293,110.208867336522,96.85650234377019,74.24573738961782,162.74653876280257,83.38002972582365,72.93706698060748,161.62369878843433,642
0.5269030332565308,0.5022904276847839,0.003091087331995368,0.9997034072875977,0.440734326839447,0.4937131106853485,-0.00320209632627666,0.9997642040252686,0.5350896716117859,0.7145525217056274,-0.05675869062542915,0.9775133728981018,0.41814500093460083,0.7000783681869507,-0.06721661984920502,0.9882173538208008,0.5323091745376587,0.9164902567863464,0.08251291513442993,0.9472521543502808,0.41995900869369507,0.9178664088249207,0.06715277582406998,0.9686943292617798,0.5154591798782349,0.9446956515312195,0.08534353226423264,0.7526963949203491,0.4298064112663269,0.9433651566505432,0.06787493079900742,0.7766520380973816,0.5532698035240173,0.9753932952880859,-0.09914080798625946,0.9201170802116394,0.3940722346305847,0.9770140051841736,-0.12500354647636414,0.9381516575813293,130.7652861992814,129.59348264484905,89.59385816222337,31.67580883939846,58.32741229767837,90.64940687089457,34.59843251150258,55.40944145576482,95.96849399754834,18.20847212335202,107.13757606807273,87.87409122088836,15.885679311040635,105.73529939716569,97.33679163047626,73.03546041420691,161.42768172183622,83.7361973861172,72.14507317919993,161.0076333447121,643
0.5268113017082214,0.5014392733573914,0.005100797861814499,0.9997105598449707,0.4407244324684143,0.49285298585891724,-0.005206168629229069,0.9997634291648865,0.5347853899002075,0.7134459018707275,-0.056025367230176926,0.9754762649536133,0.4189773201942444,0.6974900960922241,-0.060989897698163986,0.9865217208862305,0.5311049222946167,0.9158337712287903,0.06970754265785217,0.9439243078231812,0.41976436972618103,0.9170732498168945,0.0638182982802391,0.9653448462486267,0.5153663754463196,0.9442979097366333,0.07264987379312515,0.7445754408836365,0.42914947867393494,0.9422943592071533,0.06395061314105988,0.7558193802833557,0.5528115034103394,0.9747595191001892,-0.11041359603404999,0.9175611138343811,0.3945760428905487,0.9768025875091553,-0.12666097283363342,0.9334946870803833,134.8130047286741,131.9831642609142,89.8214606723959,29.61382364519535,60.3868238684579,90.88497931796482,31.86150362915081,58.15374168173319,95.8540996514611,16.30845916978886,105.1668023150547,87.93021587183404,16.21257806388291,106.07265530432022,97.19149238402089,72.73121638562147,161.20572726019302,83.46595033032217,72.00645650430864,160.77962359755796,644
